Freq.	V(secondstageout)
1.00000000000000e+06,2.03949688833388e+01,1.79999332937572e+02
1.02329299228075e+06,2.03949688833120e+01,1.79999317399692e+02
1.04712854805090e+06,2.03949688832838e+01,1.79999301499888e+02
1.07151930523761e+06,2.03949688832544e+01,1.79999285229731e+02
1.09647819614319e+06,2.03949688832236e+01,1.79999268580592e+02
1.12201845430196e+06,2.03949688831913e+01,1.79999251543645e+02
1.14815362149688e+06,2.03949688831575e+01,1.79999234109857e+02
1.17489755493953e+06,2.03949688831221e+01,1.79999216269984e+02
1.20226443461741e+06,2.03949688830850e+01,1.79999198014567e+02
1.23026877081238e+06,2.03949688830462e+01,1.79999179333927e+02
1.25892541179417e+06,2.03949688830056e+01,1.79999160218158e+02
1.28824955169313e+06,2.03949688829630e+01,1.79999140657126e+02
1.31825673855641e+06,2.03949688829184e+01,1.79999120640459e+02
1.34896288259165e+06,2.03949688828718e+01,1.79999100157544e+02
1.38038426460288e+06,2.03949688828229e+01,1.79999079197521e+02
1.41253754462275e+06,2.03949688827717e+01,1.79999057749276e+02
1.44543977074593e+06,2.03949688827182e+01,1.79999035801437e+02
1.47910838816821e+06,2.03949688826621e+01,1.79999013342367e+02
1.51356124843621e+06,2.03949688826033e+01,1.79998990360159e+02
1.54881661891248e+06,2.03949688825418e+01,1.79998966842626e+02
1.58489319246111e+06,2.03949688824774e+01,1.79998942777299e+02
1.62181009735893e+06,2.03949688824100e+01,1.79998918151419e+02
1.65958690743756e+06,2.03949688823393e+01,1.79998892951928e+02
1.69824365246174e+06,2.03949688822654e+01,1.79998867165466e+02
1.73780082874937e+06,2.03949688821879e+01,1.79998840778360e+02
1.77827941003892e+06,2.03949688821068e+01,1.79998813776619e+02
1.81970085860998e+06,2.03949688820219e+01,1.79998786145927e+02
1.86208713666287e+06,2.03949688819330e+01,1.79998757871633e+02
1.90546071796325e+06,2.03949688818399e+01,1.79998728938747e+02
1.94984459975804e+06,2.03949688817424e+01,1.79998699331927e+02
1.99526231496888e+06,2.03949688816403e+01,1.79998669035476e+02
2.04173794466953e+06,2.03949688815334e+01,1.79998638033329e+02
2.08929613085404e+06,2.03949688814215e+01,1.79998606309050e+02
2.13796208950223e+06,2.03949688813043e+01,1.79998573845818e+02
2.18776162394955e+06,2.03949688811815e+01,1.79998540626419e+02
2.23872113856834e+06,2.03949688810530e+01,1.79998506633242e+02
2.29086765276777e+06,2.03949688809184e+01,1.79998471848261e+02
2.34422881531992e+06,2.03949688807775e+01,1.79998436253035e+02
2.39883291901949e+06,2.03949688806299e+01,1.79998399828689e+02
2.45470891568503e+06,2.03949688804754e+01,1.79998362555911e+02
2.51188643150958e+06,2.03949688803136e+01,1.79998324414938e+02
2.57039578276886e+06,2.03949688801442e+01,1.79998285385548e+02
2.63026799189538e+06,2.03949688799668e+01,1.79998245447047e+02
2.69153480392691e+06,2.03949688797810e+01,1.79998204578259e+02
2.75422870333816e+06,2.03949688795865e+01,1.79998162757514e+02
2.81838293126445e+06,2.03949688793828e+01,1.79998119962639e+02
2.88403150312660e+06,2.03949688791695e+01,1.79998076170943e+02
2.95120922666638e+06,2.03949688789462e+01,1.79998031359208e+02
3.01995172040201e+06,2.03949688787123e+01,1.79997985503673e+02
3.09029543251359e+06,2.03949688784674e+01,1.79997938580026e+02
3.16227766016838e+06,2.03949688782110e+01,1.79997890563386e+02
3.23593656929628e+06,2.03949688779424e+01,1.79997841428296e+02
3.31131121482591e+06,2.03949688776613e+01,1.79997791148702e+02
3.38844156139202e+06,2.03949688773669e+01,1.79997739697946e+02
3.46736850452531e+06,2.03949688770585e+01,1.79997687048747e+02
3.54813389233575e+06,2.03949688767357e+01,1.79997633173192e+02
3.63078054770101e+06,2.03949688763977e+01,1.79997578042713e+02
3.71535229097172e+06,2.03949688760437e+01,1.79997521628081e+02
3.80189396320561e+06,2.03949688756730e+01,1.79997463899383e+02
3.89045144994280e+06,2.03949688752849e+01,1.79997404826011e+02
3.98107170553497e+06,2.03949688748785e+01,1.79997344376643e+02
4.07380277804112e+06,2.03949688744529e+01,1.79997282519229e+02
4.16869383470335e+06,2.03949688740073e+01,1.79997219220971e+02
4.26579518801592e+06,2.03949688735406e+01,1.79997154448306e+02
4.36515832240165e+06,2.03949688730520e+01,1.79997088166893e+02
4.46683592150962e+06,2.03949688725404e+01,1.79997020341587e+02
4.57088189614874e+06,2.03949688720046e+01,1.79996950936426e+02
4.67735141287197e+06,2.03949688714436e+01,1.79996879914612e+02
4.78630092322638e+06,2.03949688708561e+01,1.79996807238487e+02
4.89778819368445e+06,2.03949688702410e+01,1.79996732869518e+02
5.01187233627271e+06,2.03949688695968e+01,1.79996656768273e+02
5.12861383991364e+06,2.03949688689224e+01,1.79996578894403e+02
5.24807460249772e+06,2.03949688682161e+01,1.79996499206617e+02
5.37031796370252e+06,2.03949688674765e+01,1.79996417662664e+02
5.49540873857624e+06,2.03949688667021e+01,1.79996334219308e+02
5.62341325190348e+06,2.03949688658912e+01,1.79996248832307e+02
5.75439937337156e+06,2.03949688650420e+01,1.79996161456387e+02
5.88843655355588e+06,2.03949688641529e+01,1.79996072045221e+02
6.02559586074357e+06,2.03949688632218e+01,1.79995980551400e+02
6.16595001861481e+06,2.03949688622469e+01,1.79995886926416e+02
6.30957344480192e+06,2.03949688612260e+01,1.79995791120625e+02
6.45654229034654e+06,2.03949688601570e+01,1.79995693083230e+02
6.60693448007595e+06,2.03949688590376e+01,1.79995592762251e+02
6.76082975391980e+06,2.03949688578655e+01,1.79995490104497e+02
6.91830970918935e+06,2.03949688566381e+01,1.79995385055536e+02
7.07945784384136e+06,2.03949688553529e+01,1.79995277559671e+02
7.24435960074989e+06,2.03949688540071e+01,1.79995167559905e+02
7.41310241300916e+06,2.03949688525979e+01,1.79995054997916e+02
7.58577575029182e+06,2.03949688511223e+01,1.79994939814021e+02
7.76247116628690e+06,2.03949688495771e+01,1.79994821947149e+02
7.94328234724280e+06,2.03949688479591e+01,1.79994701334804e+02
8.12830516164097e+06,2.03949688462649e+01,1.79994577913038e+02
8.31763771102669e+06,2.03949688444908e+01,1.79994451616409e+02
8.51138038202375e+06,2.03949688426331e+01,1.79994322377953e+02
8.70963589956079e+06,2.03949688406878e+01,1.79994190129148e+02
8.91250938133743e+06,2.03949688386509e+01,1.79994054799872e+02
9.12010839355908e+06,2.03949688365180e+01,1.79993916318372e+02
9.33254300796989e+06,2.03949688342845e+01,1.79993774611224e+02
9.54992586021434e+06,2.03949688319458e+01,1.79993629603292e+02
9.77237220955808e+06,2.03949688294969e+01,1.79993481217692e+02
9.99999999999998e+06,2.03949688269325e+01,1.79993329375747e+02
1.02329299228075e+07,2.03949688242473e+01,1.79993173996949e+02
1.04712854805090e+07,2.03949688214356e+01,1.79993014998915e+02
1.07151930523760e+07,2.03949688184913e+01,1.79992852297340e+02
1.09647819614318e+07,2.03949688154083e+01,1.79992685805959e+02
1.12201845430196e+07,2.03949688121800e+01,1.79992515436495e+02
1.14815362149688e+07,2.03949688087995e+01,1.79992341098617e+02
1.17489755493953e+07,2.03949688052598e+01,1.79992162699888e+02
1.20226443461741e+07,2.03949688015532e+01,1.79991980145720e+02
1.23026877081238e+07,2.03949687976719e+01,1.79991793339318e+02
1.25892541179416e+07,2.03949687936077e+01,1.79991602181637e+02
1.28824955169313e+07,2.03949687893519e+01,1.79991406571321e+02
1.31825673855640e+07,2.03949687848956e+01,1.79991206404656e+02
1.34896288259165e+07,2.03949687802292e+01,1.79991001575511e+02
1.38038426460288e+07,2.03949687753430e+01,1.79990791975282e+02
1.41253754462275e+07,2.03949687702265e+01,1.79990577492837e+02
1.44543977074592e+07,2.03949687648688e+01,1.79990358014455e+02
1.47910838816820e+07,2.03949687592586e+01,1.79990133423764e+02
1.51356124843620e+07,2.03949687533840e+01,1.79989903601684e+02
1.54881661891248e+07,2.03949687472326e+01,1.79989668426361e+02
1.58489319246111e+07,2.03949687407913e+01,1.79989427773101e+02
1.62181009735892e+07,2.03949687340464e+01,1.79989181514307e+02
1.65958690743756e+07,2.03949687269836e+01,1.79988929519409e+02
1.69824365246174e+07,2.03949687195879e+01,1.79988671654797e+02
1.73780082874937e+07,2.03949687118437e+01,1.79988407783746e+02
1.77827941003892e+07,2.03949687037346e+01,1.79988137766350e+02
1.81970085860998e+07,2.03949686952432e+01,1.79987861459441e+02
1.86208713666286e+07,2.03949686863517e+01,1.79987578716517e+02
1.90546071796324e+07,2.03949686770411e+01,1.79987289387666e+02
1.94984459975804e+07,2.03949686672918e+01,1.79986993319481e+02
1.99526231496887e+07,2.03949686570829e+01,1.79986690354982e+02
2.04173794466952e+07,2.03949686463930e+01,1.79986380333534e+02
2.08929613085403e+07,2.03949686351992e+01,1.79986063090760e+02
2.13796208950223e+07,2.03949686234779e+01,1.79985738458454e+02
2.18776162394955e+07,2.03949686112042e+01,1.79985406264490e+02
2.23872113856833e+07,2.03949685983520e+01,1.79985066332736e+02
2.29086765276777e+07,2.03949685848941e+01,1.79984718482955e+02
2.34422881531991e+07,2.03949685708020e+01,1.79984362530713e+02
2.39883291901948e+07,2.03949685560458e+01,1.79983998287280e+02
2.45470891568502e+07,2.03949685405941e+01,1.79983625559528e+02
2.51188643150957e+07,2.03949685244141e+01,1.79983244149833e+02
2.57039578276885e+07,2.03949685074717e+01,1.79982853855966e+02
2.63026799189537e+07,2.03949684897308e+01,1.79982454470989e+02
2.69153480392691e+07,2.03949684711537e+01,1.79982045783143e+02
2.75422870333816e+07,2.03949684517012e+01,1.79981627575735e+02
2.81838293126444e+07,2.03949684313319e+01,1.79981199627027e+02
2.88403150312660e+07,2.03949684100026e+01,1.79980761710116e+02
2.95120922666637e+07,2.03949683876681e+01,1.79980313592811e+02
3.01995172040200e+07,2.03949683642810e+01,1.79979855037516e+02
3.09029543251358e+07,2.03949683397918e+01,1.79979385801099e+02
3.16227766016837e+07,2.03949683141483e+01,1.79978905634763e+02
3.23593656929627e+07,2.03949682872964e+01,1.79978414283921e+02
3.31131121482590e+07,2.03949682591789e+01,1.79977911488050e+02
3.38844156139201e+07,2.03949682297363e+01,1.79977396980561e+02
3.46736850452530e+07,2.03949681989061e+01,1.79976870488658e+02
3.54813389233574e+07,2.03949681666229e+01,1.79976331733187e+02
3.63078054770100e+07,2.03949681328183e+01,1.79975780428492e+02
3.71535229097171e+07,2.03949680974205e+01,1.79975216282266e+02
3.80189396320560e+07,2.03949680603545e+01,1.79974638995392e+02
3.89045144994279e+07,2.03949680215416e+01,1.79974048261783e+02
3.98107170553496e+07,2.03949679808995e+01,1.79973443768227e+02
4.07380277804111e+07,2.03949679383420e+01,1.79972825194212e+02
4.16869383470334e+07,2.03949678937788e+01,1.79972192211764e+02
4.26579518801591e+07,2.03949678471154e+01,1.79971544485268e+02
4.36515832240164e+07,2.03949677982529e+01,1.79970881671290e+02
4.46683592150961e+07,2.03949677470875e+01,1.79970203418400e+02
4.57088189614873e+07,2.03949676935108e+01,1.79969509366978e+02
4.67735141287196e+07,2.03949676374091e+01,1.79968799149031e+02
4.78630092322636e+07,2.03949675786633e+01,1.79968072387991e+02
4.89778819368444e+07,2.03949675171490e+01,1.79967328698523e+02
5.01187233627270e+07,2.03949674527357e+01,1.79966567686313e+02
5.12861383991363e+07,2.03949673852866e+01,1.79965788947863e+02
5.24807460249770e+07,2.03949673146587e+01,1.79964992070276e+02
5.37031796370251e+07,2.03949672407023e+01,1.79964176631039e+02
5.49540873857622e+07,2.03949671632603e+01,1.79963342197797e+02
5.62341325190347e+07,2.03949670821687e+01,1.79962488328123e+02
5.75439937337155e+07,2.03949669972553e+01,1.79961614569286e+02
5.88843655355586e+07,2.03949669083401e+01,1.79960720458008e+02
6.02559586074355e+07,2.03949668152345e+01,1.79959805520223e+02
6.16595001861480e+07,2.03949667177409e+01,1.79958869270818e+02
6.30957344480191e+07,2.03949666156526e+01,1.79957911213386e+02
6.45654229034653e+07,2.03949665087530e+01,1.79956930839952e+02
6.60693448007593e+07,2.03949663968154e+01,1.79955927630712e+02
6.76082975391979e+07,2.03949662796024e+01,1.79954901053753e+02
6.91830970918933e+07,2.03949661568652e+01,1.79953850564775e+02
7.07945784384135e+07,2.03949660283437e+01,1.79952775606795e+02
7.24435960074987e+07,2.03949658937651e+01,1.79951675609859e+02
7.41310241300914e+07,2.03949657528440e+01,1.79950549990739e+02
7.58577575029180e+07,2.03949656052815e+01,1.79949398152619e+02
7.76247116628688e+07,2.03949654507647e+01,1.79948219484783e+02
7.94328234724278e+07,2.03949652889657e+01,1.79947013362290e+02
8.12830516164096e+07,2.03949651195413e+01,1.79945779145641e+02
8.31763771102667e+07,2.03949649421322e+01,1.79944516180442e+02
8.51138038202373e+07,2.03949647563621e+01,1.79943223797058e+02
8.70963589956077e+07,2.03949645618369e+01,1.79941901310255e+02
8.91250938133741e+07,2.03949643581441e+01,1.79940548018838e+02
9.12010839355906e+07,2.03949641448515e+01,1.79939163205280e+02
9.33254300796987e+07,2.03949639215067e+01,1.79937746135341e+02
9.54992586021431e+07,2.03949636876361e+01,1.79936296057677e+02
9.77237220955806e+07,2.03949634427434e+01,1.79934812203446e+02
9.99999999999995e+07,2.03949631863094e+01,1.79933293785896e+02
1.02329299228075e+08,2.03949629177900e+01,1.79931739999951e+02
1.04712854805089e+08,2.03949626366157e+01,1.79930150021780e+02
1.07151930523760e+08,2.03949623421901e+01,1.79928523008366e+02
1.09647819614318e+08,2.03949620338886e+01,1.79926858097055e+02
1.12201845430196e+08,2.03949617110574e+01,1.79925154405100e+02
1.14815362149688e+08,2.03949613730116e+01,1.79923411029192e+02
1.17489755493952e+08,2.03949610190343e+01,1.79921627044981e+02
1.20226443461741e+08,2.03949606483745e+01,1.79919801506591e+02
1.23026877081237e+08,2.03949602602462e+01,1.79917933446109e+02
1.25892541179416e+08,2.03949598538259e+01,1.79916021873081e+02
1.28824955169313e+08,2.03949594282517e+01,1.79914065773981e+02
1.31825673855640e+08,2.03949589826208e+01,1.79912064111678e+02
1.34896288259165e+08,2.03949585159880e+01,1.79910015824882e+02
1.38038426460288e+08,2.03949580273636e+01,1.79907919827585e+02
1.41253754462275e+08,2.03949575157111e+01,1.79905775008481e+02
1.44543977074592e+08,2.03949569799452e+01,1.79903580230383e+02
1.47910838816820e+08,2.03949564189295e+01,1.79901334329615e+02
1.51356124843620e+08,2.03949558314740e+01,1.79899036115397e+02
1.54881661891247e+08,2.03949552163327e+01,1.79896684369213e+02
1.58489319246110e+08,2.03949545722007e+01,1.79894277844167e+02
1.62181009735892e+08,2.03949538977119e+01,1.79891815264320e+02
1.65958690743755e+08,2.03949531914355e+01,1.79889295324013e+02
1.69824365246173e+08,2.03949524518734e+01,1.79886716687179e+02
1.73780082874937e+08,2.03949516774570e+01,1.79884077986629e+02
1.77827941003891e+08,2.03949508665436e+01,1.79881377823333e+02
1.81970085860997e+08,2.03949500174132e+01,1.79878614765673e+02
1.86208713666286e+08,2.03949491282646e+01,1.79875787348690e+02
1.90546071796324e+08,2.03949481972120e+01,1.79872894073302e+02
1.94984459975803e+08,2.03949472222805e+01,1.79869933405511e+02
1.99526231496887e+08,2.03949462014021e+01,1.79866903775594e+02
2.04173794466952e+08,2.03949451324114e+01,1.79863803577264e+02
2.08929613085403e+08,2.03949440130411e+01,1.79860631166826e+02
2.13796208950222e+08,2.03949428409167e+01,1.79857384862298e+02
2.18776162394954e+08,2.03949416135522e+01,1.79854062942527e+02
2.23872113856833e+08,2.03949403283441e+01,1.79850663646272e+02
2.29086765276776e+08,2.03949389825664e+01,1.79847185171273e+02
2.34422881531991e+08,2.03949375733647e+01,1.79843625673293e+02
2.39883291901947e+08,2.03949360977498e+01,1.79839983265145e+02
2.45470891568501e+08,2.03949345525918e+01,1.79836256015688e+02
2.51188643150956e+08,2.03949329346134e+01,1.79832441948805e+02
2.57039578276885e+08,2.03949312403827e+01,1.79828539042356e+02
2.63026799189536e+08,2.03949294663060e+01,1.79824545227107e+02
2.69153480392690e+08,2.03949276086205e+01,1.79820458385631e+02
2.75422870333815e+08,2.03949256633857e+01,1.79816276351191e+02
2.81838293126444e+08,2.03949236264759e+01,1.79811996906585e+02
2.88403150312659e+08,2.03949214935704e+01,1.79807617782978e+02
2.95120922666637e+08,2.03949192601454e+01,1.79803136658696e+02
3.01995172040200e+08,2.03949169214635e+01,1.79798551157996e+02
3.09029543251357e+08,2.03949144725642e+01,1.79793858849808e+02
3.16227766016836e+08,2.03949119082534e+01,1.79789057246450e+02
3.23593656929626e+08,2.03949092230919e+01,1.79784143802304e+02
3.31131121482589e+08,2.03949064113845e+01,1.79779115912473e+02
3.38844156139200e+08,2.03949034671673e+01,1.79773970911398e+02
3.46736850452529e+08,2.03949003841956e+01,1.79768706071447e+02
3.54813389233573e+08,2.03948971559303e+01,1.79763318601474e+02
3.63078054770099e+08,2.03948937755241e+01,1.79757805645331e+02
3.71535229097170e+08,2.03948902358070e+01,1.79752164280367e+02
3.80189396320559e+08,2.03948865292714e+01,1.79746391515871e+02
3.89045144994278e+08,2.03948826480554e+01,1.79740484291496e+02
3.98107170553495e+08,2.03948785839272e+01,1.79734439475630e+02
4.07380277804110e+08,2.03948743282665e+01,1.79728253863745e+02
4.16869383470333e+08,2.03948698720472e+01,1.79721924176699e+02
4.26579518801590e+08,2.03948652058177e+01,1.79715447058995e+02
4.36515832240163e+08,2.03948603196809e+01,1.79708819077013e+02
4.46683592150960e+08,2.03948552032735e+01,1.79702036717183e+02
4.57088189614872e+08,2.03948498457437e+01,1.79695096384135e+02
4.67735141287195e+08,2.03948442357283e+01,1.79687994398787e+02
4.78630092322635e+08,2.03948383613289e+01,1.79680726996406e+02
4.89778819368443e+08,2.03948322100861e+01,1.79673290324611e+02
5.01187233627269e+08,2.03948257689534e+01,1.79665680441333e+02
5.12861383991361e+08,2.03948190242698e+01,1.79657893312737e+02
5.24807460249769e+08,2.03948119617303e+01,1.79649924811080e+02
5.37031796370249e+08,2.03948045663559e+01,1.79641770712533e+02
5.49540873857621e+08,2.03947968224617e+01,1.79633426694944e+02
5.62341325190345e+08,2.03947887136238e+01,1.79624888335553e+02
5.75439937337153e+08,2.03947802226444e+01,1.79616151108656e+02
5.88843655355585e+08,2.03947713315153e+01,1.79607210383208e+02
6.02559586074353e+08,2.03947620213797e+01,1.79598061420378e+02
6.16595001861478e+08,2.03947522724923e+01,1.79588699371044e+02
6.30957344480189e+08,2.03947420641775e+01,1.79579119273230e+02
6.45654229034651e+08,2.03947313747853e+01,1.79569316049482e+02
6.60693448007591e+08,2.03947201816459e+01,1.79559284504191e+02
6.76082975391977e+08,2.03947084610209e+01,1.79549019320842e+02
6.91830970918931e+08,2.03946961880539e+01,1.79538515059213e+02
7.07945784384133e+08,2.03946833367169e+01,1.79527766152497e+02
7.24435960074985e+08,2.03946698797559e+01,1.79516766904365e+02
7.41310241300912e+08,2.03946557886325e+01,1.79505511485963e+02
7.58577575029178e+08,2.03946410334640e+01,1.79493993932829e+02
7.76247116628686e+08,2.03946255829595e+01,1.79482208141754e+02
7.94328234724276e+08,2.03946094043542e+01,1.79470147867557e+02
8.12830516164093e+08,2.03945924633393e+01,1.79457806719797e+02
8.31763771102665e+08,2.03945747239899e+01,1.79445178159399e+02
8.51138038202370e+08,2.03945561486884e+01,1.79432255495211e+02
8.70963589956074e+08,2.03945366980451e+01,1.79419031880478e+02
8.91250938133739e+08,2.03945163308146e+01,1.79405500309236e+02
9.12010839355903e+08,2.03944950038085e+01,1.79391653612621e+02
9.33254300796984e+08,2.03944726718040e+01,1.79377484455097e+02
9.54992586021429e+08,2.03944492874476e+01,1.79362985330598e+02
9.77237220955803e+08,2.03944248011555e+01,1.79348148558576e+02
9.99999999999992e+08,2.03943991610080e+01,1.79332966279963e+02
1.02329299228075e+09,2.03943723126400e+01,1.79317430453043e+02
1.04712854805089e+09,2.03943441991253e+01,1.79301532849224e+02
1.07151930523760e+09,2.03943147608567e+01,1.79285265048719e+02
1.09647819614318e+09,2.03942839354192e+01,1.79268618436125e+02
1.12201845430195e+09,2.03942516574582e+01,1.79251584195902e+02
1.14815362149687e+09,2.03942178585411e+01,1.79234153307749e+02
1.17489755493952e+09,2.03941824670121e+01,1.79216316541883e+02
1.20226443461740e+09,2.03941454078410e+01,1.79198064454193e+02
1.23026877081237e+09,2.03941066024641e+01,1.79179387381304e+02
1.25892541179416e+09,2.03940659686180e+01,1.79160275435519e+02
1.28824955169312e+09,2.03940234201654e+01,1.79140718499645e+02
1.31825673855640e+09,2.03939788669131e+01,1.79120706221710e+02
1.34896288259164e+09,2.03939322144208e+01,1.79100228009555e+02
1.38038426460287e+09,2.03938833638016e+01,1.79079273025308e+02
1.41253754462274e+09,2.03938322115130e+01,1.79057830179732e+02
1.44543977074592e+09,2.03937786491373e+01,1.79035888126445e+02
1.47910838816820e+09,2.03937225631531e+01,1.79013435256019e+02
1.51356124843620e+09,2.03936638346945e+01,1.78990459689935e+02
1.54881661891247e+09,2.03936023393007e+01,1.78966949274414e+02
1.58489319246110e+09,2.03935379466519e+01,1.78942891574107e+02
1.62181009735892e+09,2.03934705202950e+01,1.78918273865643e+02
1.65958690743755e+09,2.03933999173543e+01,1.78893083131041e+02
1.69824365246173e+09,2.03933259882304e+01,1.78867306050968e+02
1.73780082874936e+09,2.03932485762838e+01,1.78840928997859e+02
1.77827941003891e+09,2.03931675175042e+01,1.78813938028875e+02
1.81970085860997e+09,2.03930826401644e+01,1.78786318878720e+02
1.86208713666285e+09,2.03929937644576e+01,1.78758056952289e+02
1.90546071796323e+09,2.03929007021182e+01,1.78729137317168e+02
1.94984459975803e+09,2.03928032560244e+01,1.78699544695960e+02
1.99526231496886e+09,2.03927012197823e+01,1.78669263458459e+02
2.04173794466951e+09,2.03925943772910e+01,1.78638277613644e+02
2.08929613085402e+09,2.03924825022868e+01,1.78606570801511e+02
2.13796208950221e+09,2.03923653578666e+01,1.78574126284723e+02
2.18776162394953e+09,2.03922426959883e+01,1.78540926940095e+02
2.23872113856832e+09,2.03921142569489e+01,1.78506955249885e+02
2.29086765276775e+09,2.03919797688373e+01,1.78472193292915e+02
2.34422881531990e+09,2.03918389469623e+01,1.78436622735502e+02
2.39883291901947e+09,2.03916914932532e+01,1.78400224822199e+02
2.45470891568501e+09,2.03915370956336e+01,1.78362980366350e+02
2.51188643150956e+09,2.03913754273644e+01,1.78324869740447e+02
2.57039578276884e+09,2.03912061463579e+01,1.78285872866295e+02
2.63026799189536e+09,2.03910288944589e+01,1.78245969204980e+02
2.69153480392689e+09,2.03908432966929e+01,1.78205137746630e+02
2.75422870333814e+09,2.03906489604789e+01,1.78163356999975e+02
2.81838293126443e+09,2.03904454748063e+01,1.78120604981709e+02
2.88403150312658e+09,2.03902324093732e+01,1.78076859205634e+02
2.95120922666636e+09,2.03900093136846e+01,1.78032096671599e+02
3.01995172040199e+09,2.03897757161092e+01,1.77986293854232e+02
3.09029543251356e+09,2.03895311228926e+01,1.77939426691449e+02
3.16227766016835e+09,2.03892750171244e+01,1.77891470572759e+02
3.23593656929625e+09,2.03890068576580e+01,1.77842400327351e+02
3.31131121482588e+09,2.03887260779802e+01,1.77792190211956e+02
3.38844156139199e+09,2.03884320850295e+01,1.77740813898502e+02
3.46736850452528e+09,2.03881242579584e+01,1.77688244461549e+02
3.54813389233572e+09,2.03878019468405e+01,1.77634454365502e+02
3.63078054770098e+09,2.03874644713172e+01,1.77579415451609e+02
3.71535229097169e+09,2.03871111191823e+01,1.77523098924743e+02
3.80189396320557e+09,2.03867411449020e+01,1.77465475339963e+02
3.89045144994277e+09,2.03863537680673e+01,1.77406514588868e+02
3.98107170553493e+09,2.03859481717750e+01,1.77346185885729e+02
4.07380277804109e+09,2.03855235009354e+01,1.77284457753420e+02
4.16869383470331e+09,2.03850788605028e+01,1.77221298009131e+02
4.26579518801588e+09,2.03846133136251e+01,1.77156673749886e+02
4.36515832240162e+09,2.03841258797098e+01,1.77090551337856e+02
4.46683592150959e+09,2.03836155324021e+01,1.77022896385480e+02
4.57088189614870e+09,2.03830811974714e+01,1.76953673740394e+02
4.67735141287193e+09,2.03825217506024e+01,1.76882847470180e+02
4.78630092322634e+09,2.03819360150869e+01,1.76810380846941e+02
4.89778819368441e+09,2.03813227594113e+01,1.76736236331703e+02
5.01187233627267e+09,2.03806806947363e+01,1.76660375558669e+02
5.12861383991360e+09,2.03800084722636e+01,1.76582759319320e+02
5.24807460249767e+09,2.03793046804847e+01,1.76503347546380e+02
5.37031796370247e+09,2.03785678423076e+01,1.76422099297669e+02
5.49540873857619e+09,2.03777964120562e+01,1.76338972739838e+02
5.62341325190343e+09,2.03769887723357e+01,1.76253925132017e+02
5.75439937337151e+09,2.03761432307611e+01,1.76166912809394e+02
5.88843655355583e+09,2.03752580165401e+01,1.76077891166733e+02
6.02559586074351e+09,2.03743312769083e+01,1.75986814641862e+02
6.16595001861476e+09,2.03733610734062e+01,1.75893636699152e+02
6.30957344480187e+09,2.03723453779966e+01,1.75798309813016e+02
6.45654229034649e+09,2.03712820690116e+01,1.75700785451437e+02
6.60693448007589e+09,2.03701689269264e+01,1.75601014059587e+02
6.76082975391975e+09,2.03690036299502e+01,1.75498945043543e+02
6.91830970918929e+09,2.03677837494291e+01,1.75394526754136e+02
7.07945784384130e+09,2.03665067450538e+01,1.75287706471001e+02
7.24435960074982e+09,2.03651699598637e+01,1.75178430386823e+02
7.41310241300910e+09,2.03637706150408e+01,1.75066643591865e+02
7.58577575029176e+09,2.03623058044863e+01,1.74952290058806e+02
7.76247116628683e+09,2.03607724891712e+01,1.74835312627937e+02
7.94328234724273e+09,2.03591674912532e+01,1.74715652992791e+02
8.12830516164090e+09,2.03574874879533e+01,1.74593251686242e+02
8.31763771102662e+09,2.03557290051816e+01,1.74468048067161e+02
8.51138038202367e+09,2.03538884109067e+01,1.74339980307678e+02
8.70963589956071e+09,2.03519619082586e+01,1.74208985381143e+02
8.91250938133736e+09,2.03499455283579e+01,1.74074999050851e+02
9.12010839355900e+09,2.03478351228633e+01,1.73937955859621e+02
9.33254300796981e+09,2.03456263562273e+01,1.73797789120330e+02
9.54992586021425e+09,2.03433146976551e+01,1.73654430907480e+02
9.77237220955800e+09,2.03408954127556e+01,1.73507812049921e+02
9.99999999999989e+09,2.03383635548785e+01,1.73357862124828e+02
1.02329299228074e+10,2.03357139561294e+01,1.73204509453059e+02
1.04712854805089e+10,2.03329412180548e+01,1.73047681096009e+02
1.07151930523759e+10,2.03300397019914e+01,1.72887302854109e+02
1.09647819614317e+10,2.03270035190708e+01,1.72723299267100e+02
1.12201845430195e+10,2.03238265198762e+01,1.72555593616228e+02
1.14815362149687e+10,2.03205022837422e+01,1.72384107928541e+02
1.17489755493952e+10,2.03170241076959e+01,1.72208762983433e+02
1.20226443461740e+10,2.03133849950322e+01,1.72029478321627e+02
1.23026877081237e+10,2.03095776435218e+01,1.71846172256782e+02
1.25892541179415e+10,2.03055944332489e+01,1.71658761889923e+02
1.28824955169312e+10,2.03014274140762e+01,1.71467163126903e+02
1.31825673855639e+10,2.02970682927390e+01,1.71271290699116e+02
1.34896288259164e+10,2.02925084195682e+01,1.71071058187700e+02
1.38038426460287e+10,2.02877387748453e+01,1.70866378051455e+02
1.41253754462274e+10,2.02827499547944e+01,1.70657161658753e+02
1.44543977074591e+10,2.02775321572180e+01,1.70443319323687e+02
1.47910838816819e+10,2.02720751667832e+01,1.70224760346743e+02
1.51356124843619e+10,2.02663683399725e+01,1.70001393060284e+02
1.54881661891246e+10,2.02604005897096e+01,1.69773124879148e+02
1.58489319246109e+10,2.02541603696785e+01,1.69539862356656e+02
1.62181009735891e+10,2.02476356583544e+01,1.69301511246376e+02
1.65958690743754e+10,2.02408139427697e+01,1.69057976569953e+02
1.69824365246172e+10,2.02336822020404e+01,1.68809162691354e+02
1.73780082874935e+10,2.02262268906846e+01,1.68554973397879e+02
1.77827941003890e+10,2.02184339217663e+01,1.68295311988296e+02
1.81970085860996e+10,2.02102886499039e+01,1.68030081368458e+02
1.86208713666285e+10,2.02017758541875e+01,1.67759184154782e+02
1.90546071796322e+10,2.01928797210535e+01,1.67482522785948e+02
1.94984459975802e+10,2.01835838271719e+01,1.67199999643211e+02
1.99526231496886e+10,2.01738711224053e+01,1.66911517179685e+02
2.04173794466950e+10,2.01637239129076e+01,1.66616978058977e+02
2.08929613085401e+10,2.01531238444348e+01,1.66316285303536e+02
2.13796208950221e+10,2.01420518859485e+01,1.66009342453081e+02
2.18776162394953e+10,2.01304883135985e+01,1.65696053733430e+02
2.23872113856831e+10,2.01184126951796e+01,1.65376324236094e+02
2.29086765276775e+10,2.01058038751657e+01,1.65050060108911e+02
2.34422881531989e+10,2.00926399604307e+01,1.64717168758020e+02
2.39883291901946e+10,2.00788983067747e+01,1.64377559061431e+02
2.45470891568500e+10,2.00645555063835e+01,1.64031141594393e+02
2.51188643150955e+10,2.00495873763562e+01,1.63677828866754e+02
2.57039578276883e+10,2.00339689484438e+01,1.63317535572425e+02
2.63026799189535e+10,2.00176744601533e+01,1.62950178851027e+02
2.69153480392688e+10,2.00006773473748e+01,1.62575678561742e+02
2.75422870333813e+10,1.99829502387027e+01,1.62193957569281e+02
2.81838293126442e+10,1.99644649516257e+01,1.61804942041867e+02
2.88403150312657e+10,1.99451924907686e+01,1.61408561760977e+02
2.95120922666635e+10,1.99251030483771e+01,1.61004750442555e+02
3.01995172040198e+10,1.99041660072387e+01,1.60593446069254e+02
3.09029543251355e+10,1.98823499462428e+01,1.60174591233185e+02
3.16227766016834e+10,1.98596226487811e+01,1.59748133488524e+02
3.23593656929624e+10,1.98359511141968e+01,1.59314025713186e+02
3.31131121482587e+10,1.98113015724874e+01,1.58872226478662e+02
3.38844156139198e+10,1.97856395024690e+01,1.58422700426948e+02
3.46736850452527e+10,1.97589296536048e+01,1.57965418653362e+02
3.54813389233571e+10,1.97311360716942e+01,1.57500359093872e+02
3.63078054770097e+10,1.97022221286166e+01,1.57027506915408e+02
3.71535229097168e+10,1.96721505563077e+01,1.56546854907466e+02
3.80189396320556e+10,1.96408834851374e+01,1.56058403873131e+02
3.89045144994276e+10,1.96083824868427e+01,1.55562163017490e+02
3.98107170553492e+10,1.95746086221474e+01,1.55058150331240e+02
4.07380277804108e+10,1.95395224931817e+01,1.54546392967127e+02
4.16869383470330e+10,1.95030843007868e+01,1.54026927606697e+02
4.26579518801587e+10,1.94652539067622e+01,1.53499800814696e+02
4.36515832240160e+10,1.94259909010811e+01,1.52965069378329e+02
4.46683592150957e+10,1.93852546740629e+01,1.52422800628446e+02
4.57088189614869e+10,1.93430044934530e+01,1.51873072739651e+02
4.67735141287192e+10,1.92991995863195e+01,1.51315975006231e+02
4.78630092322632e+10,1.92537992256291e+01,1.50751608090748e+02
4.89778819368440e+10,1.92067628213184e+01,1.50180084242129e+02
5.01187233627266e+10,1.91580500156283e+01,1.49601527480082e+02
5.12861383991358e+10,1.91076207824139e+01,1.49016073742695e+02
5.24807460249766e+10,1.90554355300946e+01,1.48423870994181e+02
5.37031796370246e+10,1.90014552078531e+01,1.47825079289837e+02
5.49540873857617e+10,1.89456414146384e+01,1.47219870795418e+02
5.62341325190342e+10,1.88879565104801e+01,1.46608429758387e+02
5.75439937337150e+10,1.88283637295658e+01,1.45990952428681e+02
5.88843655355581e+10,1.87668272944907e+01,1.45367646926975e+02
6.02559586074350e+10,1.87033125310419e+01,1.44738733058716e+02
6.16595001861474e+10,1.86377859828411e+01,1.44104442072608e+02
6.30957344480185e+10,1.85702155251358e+01,1.43465016362603e+02
6.45654229034647e+10,1.85005704770016e+01,1.42820709112919e+02
6.60693448007587e+10,1.84288217111958e+01,1.42171783886078e+02
6.76082975391973e+10,1.83549417608923e+01,1.41518514154446e+02
6.91830970918927e+10,1.82789049225199e+01,1.40861182776284e+02
7.07945784384129e+10,1.82006873539342e+01,1.40200081417839e+02
7.24435960074981e+10,1.81202671671639e+01,1.39535509923559e+02
7.41310241300908e+10,1.80376245149978e+01,1.38867775637004e+02
7.58577575029174e+10,1.79527416707105e+01,1.38197192675597e+02
7.76247116628682e+10,1.78656031002672e+01,1.37524081162816e+02
7.94328234724271e+10,1.77761955264014e+01,1.36848766421901e+02
8.12830516164089e+10,1.76845079840158e+01,1.36171578135617e+02
8.31763771102660e+10,1.75905318664284e+01,1.35492849476951e+02
8.51138038202365e+10,1.74942609620599e+01,1.34812916215999e+02
8.70963589956069e+10,1.73956914812379e+01,1.34132115808552e+02
8.91250938133734e+10,1.72948220728821e+01,1.33450786472122e+02
9.12010839355898e+10,1.71916538309231e+01,1.32769266255285e+02
9.33254300796979e+10,1.70861902903998e+01,1.32087892106303e+02
9.54992586021423e+10,1.69784374132730e+01,1.31406998946990e+02
9.77237220955798e+10,1.68684035640852e+01,1.30726918757734e+02
9.99999999999987e+10,1.67560994756873e+01,1.30047979679431e+02
1.02329299228074e+11,1.66415382053395e+01,1.29370505137906e+02
1.04712854805089e+11,1.65247350815758e+01,1.28694812996116e+02
1.07151930523759e+11,1.64057076422980e+01,1.28021214739107e+02
1.09647819614317e+11,1.62844755646365e+01,1.27350014696330e+02
1.12201845430195e+11,1.61610605871726e+01,1.26681509305479e+02
1.14815362149687e+11,1.60354864251764e+01,1.26015986421556e+02
1.17489755493951e+11,1.59077786795525e+01,1.25353724674395e+02
1.20226443461740e+11,1.57779647402252e+01,1.24694992877329e+02
1.23026877081236e+11,1.56460736847178e+01,1.24040049489190e+02
1.25892541179415e+11,1.55121361726966e+01,1.23389142131260e+02
1.28824955169312e+11,1.53761843372569e+01,1.22742507160308e+02
1.31825673855639e+11,1.52382516737249e+01,1.22100369298276e+02
1.34896288259164e+11,1.50983729267402e+01,1.21462941318717e+02
1.38038426460287e+11,1.49565839763598e+01,1.20830423789583e+02
1.41253754462273e+11,1.48129217239046e+01,1.20203004871516e+02
1.44543977074591e+11,1.46674239782293e+01,1.19580860170391e+02
1.47910838816819e+11,1.45201293430659e+01,1.18964152642463e+02
1.51356124843619e+11,1.43710771060405e+01,1.18353032550135e+02
1.54881661891246e+11,1.42203071299228e+01,1.17747637466082e+02
1.58489319246109e+11,1.40678597466126e+01,1.17148092323198e+02
1.62181009735891e+11,1.39137756543221e+01,1.16554509507619e+02
1.65958690743754e+11,1.37580958183530e+01,1.15966988991924e+02
1.69824365246172e+11,1.36008613758211e+01,1.15385618505482e+02
1.73780082874935e+11,1.34421135446243e+01,1.14810473738815e+02
1.77827941003890e+11,1.32818935368995e+01,1.14241618578833e+02
1.81970085860996e+11,1.31202424771645e+01,1.13679105371738e+02
1.86208713666284e+11,1.29572013252921e+01,1.13122975210465e+02
1.90546071796322e+11,1.27928108044186e+01,1.12573258243520e+02
1.94984459975802e+11,1.26271113338472e+01,1.12029974002212e+02
1.99526231496885e+11,1.24601429669652e+01,1.11493131743312e+02
2.04173794466950e+11,1.22919453341604e+01,1.10962730804341e+02
2.08929613085401e+11,1.21225575906867e+01,1.10438760968774e+02
2.13796208950220e+11,1.19520183694011e+01,1.09921202838632e+02
2.18776162394952e+11,1.17803657382686e+01,1.09410028212066e+02
2.23872113856831e+11,1.16076371625065e+01,1.08905200463693e+02
2.29086765276774e+11,1.14338694712236e+01,1.08406674925642e+02
2.34422881531989e+11,1.12590988283913e+01,1.07914399267391e+02
2.39883291901946e+11,1.10833607079704e+01,1.07428313872689e+02
2.45470891568499e+11,1.09066898730094e+01,1.06948352211984e+02
2.51188643150954e+11,1.07291203585186e+01,1.06474441208981e+02
2.57039578276883e+11,1.05506854579231e+01,1.06006501600071e+02
2.63026799189534e+11,1.03714177128901e+01,1.05544448285562e+02
2.69153480392688e+11,1.01913489063302e+01,1.05088190671762e+02
2.75422870333813e+11,1.00105100583668e+01,1.04637633003121e+02
2.81838293126441e+11,9.82893142507606e+00,1.04192674683758e+02
2.88403150312656e+11,9.64664249979788e+00,1.03753210587832e+02
2.95120922666634e+11,9.46367201682752e+00,1.03319131358312e+02
3.01995172040197e+11,9.28004795730019e+00,1.02890323693842e+02
3.09029543251354e+11,9.09579755708904e+00,1.02466670623438e+02
3.16227766016833e+11,8.91094731654353e+00,1.02048051768917e+02
3.23593656929623e+11,8.72552301190309e+00,1.01634343594950e+02
3.31131121482586e+11,8.53954970822898e+00,1.01225419646801e+02
3.38844156139197e+11,8.35305177370574e+00,1.00821150775782e+02
3.46736850452526e+11,8.16605289517211e+00,1.00421405352596e+02
3.54813389233570e+11,7.97857609474981e+00,1.00026049468732e+02
3.63078054770096e+11,7.79064374744750e+00,9.96349471261457e+01
3.71535229097167e+11,7.60227759962536e+00,9.92479604155073e+01
3.80189396320555e+11,7.41349878821449e+00,9.88649496832999e+01
3.89045144994275e+11,7.22432786059334e+00,9.84857736881156e+01
3.98107170553491e+11,7.03478479503141e+00,9.81102897464940e+01
4.07380277804106e+11,6.84488902161819e+00,9.77383538686800e+01
4.16869383470329e+11,6.65465944360279e+00,9.73698208846893e+01
4.26579518801586e+11,6.46411445907656e+00,9.70045445610836e+01
4.36515832240159e+11,6.27327198293830e+00,9.66423777088652e+01
4.46683592150956e+11,6.08214946908738e+00,9.62831722829088e+01
4.57088189614868e+11,5.89076393279702e+00,9.59267794733520e+01
4.67735141287191e+11,5.69913197322478e+00,9.55730497893672e+01
4.78630092322631e+11,5.50726979602369e+00,9.52218331357406e+01
4.89778819368438e+11,5.31519323602165e+00,9.48729788826803e+01
5.01187233627264e+11,5.12291777994204e+00,9.45263359292753e+01
5.12861383991357e+11,4.93045858914235e+00,9.41817527610238e+01
5.24807460249764e+11,4.73783052235223e+00,9.38390775018451e+01
5.37031796370244e+11,4.54504815839552e+00,9.34981579609849e+01
5.49540873857616e+11,4.35212581888464e+00,9.31588416752202e+01
5.62341325190340e+11,4.15907759087860e+00,9.28209759467642e+01
5.75439937337148e+11,3.96591734949891e+00,9.24844078772659e+01
5.88843655355579e+11,3.77265878049983e+00,9.21489843982962e+01
6.02559586074348e+11,3.57931540279227e+00,9.18145522987066e+01
6.16595001861472e+11,3.38590059092190e+00,9.14809582492409e+01
6.30957344480183e+11,3.19242759750452e+00,9.11480488247768e+01
6.45654229034645e+11,2.99890957562255e+00,9.08156705245736e+01
6.60693448007585e+11,2.80535960118834e+00,9.04836697908926e+01
6.76082975391971e+11,2.61179069528053e+00,9.01518930263606e+01
6.91830970918925e+11,2.41821584646084e+00,8.98201866104401e+01
7.07945784384126e+11,2.22464803307898e+00,8.94883969153709e+01
7.24435960074978e+11,2.03110024557379e+00,8.91563703219460e+01
7.41310241300905e+11,1.83758550877883e+00,8.88239532354833e+01
7.58577575029171e+11,1.64411690424054e+00,8.84909921023572e+01
7.76247116628679e+11,1.45070759255657e+00,8.81573334274538e+01
7.94328234724268e+11,1.25737083574167e+00,8.78228237929142e+01
8.12830516164086e+11,1.06412001962730e+00,8.74873098785352e+01
8.31763771102657e+11,8.70968676300333e-01,8.71506384841966e+01
8.51138038202362e+11,6.77930506585100e-01,8.68126565546891e+01
8.70963589956066e+11,4.85019402571024e-01,8.64732112073217e+01
8.91250938133731e+11,2.92249470186902e-01,8.61321497626881e+01
9.12010839355895e+11,9.96350518204505e-02,8.57893197789805e+01
9.33254300796975e+11,-9.28092510203200e-02,8.54445690902408e+01
9.54992586021420e+11,-2.85068555010048e-01,8.50977458489458e+01
9.77237220955794e+11,-4.77127672282106e-01,8.47486985733263e+01
1.00000000000000e+12,-6.68971087690041e-01,8.43972761998275e+01
