Freq.	V(mid)	V(tiaout)
1.00000000000000e+06,5.74745949222370e+01,1.79992611487274e+02,7.74795055862634e+01,-8.05606725687724e-03
1.02329299228075e+06,5.74745949189912e+01,1.79992439386706e+02,7.74795055829908e+01,-8.24371716746005e-03
1.04712854805090e+06,5.74745949155924e+01,1.79992263277401e+02,7.74795055795639e+01,-8.43573800582961e-03
1.07151930523761e+06,5.74745949120335e+01,1.79992083065983e+02,7.74795055759755e+01,-8.63223158396367e-03
1.09647819614319e+06,5.74745949083068e+01,1.79991898656902e+02,7.74795055722179e+01,-8.83330208534494e-03
1.12201845430196e+06,5.74745949044044e+01,1.79991709952382e+02,7.74795055682833e+01,-9.03905612020045e-03
1.14815362149688e+06,5.74745949003182e+01,1.79991516852370e+02,7.74795055641633e+01,-9.24960278202764e-03
1.17489755493953e+06,5.74745948960394e+01,1.79991319254480e+02,7.74795055598491e+01,-9.46505370543713e-03
1.20226443461741e+06,5.74745948915589e+01,1.79991117053945e+02,7.74795055553315e+01,-9.68552312534278e-03
1.23026877081238e+06,5.74745948868673e+01,1.79990910143554e+02,7.74795055506011e+01,-9.91112793753045e-03
1.25892541179417e+06,5.74745948819546e+01,1.79990698413602e+02,7.74795055456477e+01,-1.01419877606376e-02
1.28824955169313e+06,5.74745948768103e+01,1.79990481751825e+02,7.74795055404609e+01,-1.03782249995767e-02
1.31825673855641e+06,5.74745948714236e+01,1.79990260043348e+02,7.74795055350296e+01,-1.06199649104355e-02
1.34896288259165e+06,5.74745948657830e+01,1.79990033170617e+02,7.74795055293424e+01,-1.08673356668898e-02
1.38038426460288e+06,5.74745948598766e+01,1.79989801013342e+02,7.74795055233871e+01,-1.11204684281624e-02
1.41253754462275e+06,5.74745948536918e+01,1.79989563448429e+02,7.74795055171512e+01,-1.13794974085655e-02
1.44543977074593e+06,5.74745948472156e+01,1.79989320349919e+02,7.74795055106214e+01,-1.16445599486625e-02
1.47910838816821e+06,5.74745948404341e+01,1.79989071588918e+02,7.74795055037838e+01,-1.19157965880881e-02
1.51356124843621e+06,5.74745948333331e+01,1.79988817033529e+02,7.74795054966240e+01,-1.21933511400636e-02
1.54881661891248e+06,5.74745948258973e+01,1.79988556548783e+02,7.74795054891268e+01,-1.24773707676488e-02
1.58489319246111e+06,5.74745948181112e+01,1.79988289996569e+02,7.74795054812762e+01,-1.27680060617694e-02
1.62181009735893e+06,5.74745948099581e+01,1.79988017235557e+02,7.74795054730556e+01,-1.30654111210623e-02
1.65958690743756e+06,5.74745948014207e+01,1.79987738121125e+02,7.74795054644477e+01,-1.33697436335803e-02
1.69824365246174e+06,5.74745947924810e+01,1.79987452505284e+02,7.74795054554340e+01,-1.36811649604003e-02
1.73780082874937e+06,5.74745947831200e+01,1.79987160236595e+02,7.74795054459955e+01,-1.39998402211788e-02
1.77827941003892e+06,5.74745947733178e+01,1.79986861160095e+02,7.74795054361122e+01,-1.43259383817006e-02
1.81970085860998e+06,5.74745947630536e+01,1.79986555117209e+02,7.74795054257632e+01,-1.46596323434656e-02
1.86208713666287e+06,5.74745947523057e+01,1.79986241945669e+02,7.74795054149264e+01,-1.50010990353643e-02
1.90546071796325e+06,5.74745947410513e+01,1.79985921479428e+02,7.74795054035788e+01,-1.53505195074864e-02
1.94984459975804e+06,5.74745947292665e+01,1.79985593548569e+02,7.74795053916965e+01,-1.57080790271165e-02
1.99526231496888e+06,5.74745947169262e+01,1.79985257979221e+02,7.74795053792542e+01,-1.60739671769644e-02
2.04173794466953e+06,5.74745947040044e+01,1.79984914593459e+02,7.74795053662255e+01,-1.64483779556843e-02
2.08929613085404e+06,5.74745946904736e+01,1.79984563209217e+02,7.74795053525827e+01,-1.68315098807346e-02
2.13796208950223e+06,5.74745946763051e+01,1.79984203640185e+02,7.74795053382971e+01,-1.72235660936346e-02
2.18776162394955e+06,5.74745946614689e+01,1.79983835695716e+02,7.74795053233381e+01,-1.76247544676720e-02
2.23872113856834e+06,5.74745946459335e+01,1.79983459180721e+02,7.74795053076741e+01,-1.80352877181196e-02
2.29086765276777e+06,5.74745946296659e+01,1.79983073895565e+02,7.74795052912720e+01,-1.84553835150192e-02
2.34422881531992e+06,5.74745946126316e+01,1.79982679635968e+02,7.74795052740968e+01,-1.88852645985927e-02
2.39883291901949e+06,5.74745945947945e+01,1.79982276192886e+02,7.74795052561122e+01,-1.93251588973413e-02
2.45470891568503e+06,5.74745945761168e+01,1.79981863352409e+02,7.74795052372800e+01,-1.97752996488952e-02
2.51188643150958e+06,5.74745945565589e+01,1.79981440895644e+02,7.74795052175602e+01,-2.02359255236790e-02
2.57039578276886e+06,5.74745945360792e+01,1.79981008598598e+02,7.74795051969111e+01,-2.07072807514568e-02
2.63026799189538e+06,5.74745945146343e+01,1.79980566232063e+02,7.74795051752888e+01,-2.11896152508256e-02
2.69153480392691e+06,5.74745944921788e+01,1.79980113561490e+02,7.74795051526475e+01,-2.16831847617242e-02
2.75422870333816e+06,5.74745944686650e+01,1.79979650346868e+02,7.74795051289392e+01,-2.21882509810292e-02
2.81838293126445e+06,5.74745944440430e+01,1.79979176342593e+02,7.74795051041135e+01,-2.27050817013091e-02
2.88403150312660e+06,5.74745944182606e+01,1.79978691297343e+02,7.74795050781178e+01,-2.32339509528102e-02
2.95120922666638e+06,5.74745943912631e+01,1.79978194953941e+02,7.74795050508970e+01,-2.37751391487502e-02
3.01995172040201e+06,5.74745943629932e+01,1.79977687049219e+02,7.74795050223933e+01,-2.43289332339956e-02
3.09029543251359e+06,5.74745943333911e+01,1.79977167313879e+02,7.74795049925462e+01,-2.48956268372023e-02
3.16227766016838e+06,5.74745943023938e+01,1.79976635472352e+02,7.74795049612925e+01,-2.54755204264999e-02
3.23593656929628e+06,5.74745942699357e+01,1.79976091242648e+02,7.74795049285659e+01,-2.60689214688029e-02
3.31131121482591e+06,5.74745942359479e+01,1.79975534336210e+02,7.74795048942969e+01,-2.66761445928311e-02
3.38844156139202e+06,5.74745942003583e+01,1.79974964457759e+02,7.74795048584129e+01,-2.72975117559293e-02
3.46736850452531e+06,5.74745941630914e+01,1.79974381305139e+02,7.74795048208377e+01,-2.79333524147704e-02
3.54813389233575e+06,5.74745941240681e+01,1.79973784569154e+02,7.74795047814916e+01,-2.85840037000364e-02
3.63078054770101e+06,5.74745940832058e+01,1.79973173933408e+02,7.74795047402912e+01,-2.92498105951674e-02
3.71535229097172e+06,5.74745940404176e+01,1.79972549074134e+02,7.74795046971491e+01,-2.99311261192734e-02
3.80189396320561e+06,5.74745939956130e+01,1.79971909660024e+02,7.74795046519738e+01,-3.06283115143079e-02
3.89045144994280e+06,5.74745939486967e+01,1.79971255352053e+02,7.74795046046694e+01,-3.13417364366004e-02
3.98107170553497e+06,5.74745938995694e+01,1.79970585803299e+02,7.74795045551356e+01,-3.20717791528499e-02
4.07380277804112e+06,5.74745938481267e+01,1.79969900658759e+02,7.74795045032674e+01,-3.28188267406843e-02
4.16869383470335e+06,5.74745937942596e+01,1.79969199555160e+02,7.74795044489548e+01,-3.35832752938903e-02
4.26579518801592e+06,5.74745937378539e+01,1.79968482120770e+02,7.74795043920824e+01,-3.43655301324247e-02
4.36515832240165e+06,5.74745936787899e+01,1.79967747975195e+02,7.74795043325297e+01,-3.51660060173163e-02
4.46683592150962e+06,5.74745936169422e+01,1.79966996729184e+02,7.74795042701704e+01,-3.59851273705735e-02
4.57088189614874e+06,5.74745935521797e+01,1.79966227984416e+02,7.74795042048722e+01,-3.68233285002145e-02
4.67735141287197e+06,5.74745934843651e+01,1.79965441333294e+02,7.74795041364966e+01,-3.76810538305385e-02
4.78630092322638e+06,5.74745934133545e+01,1.79964636358725e+02,7.74795040648985e+01,-3.85587581377603e-02
4.89778819368445e+06,5.74745933389973e+01,1.79963812633904e+02,7.74795039899262e+01,-3.94569067911333e-02
5.01187233627271e+06,5.74745932611357e+01,1.79962969722082e+02,7.74795039114205e+01,-4.03759759996890e-02
5.12861383991364e+06,5.74745931796046e+01,1.79962107176336e+02,7.74795038292149e+01,-4.13164530647231e-02
5.24807460249772e+06,5.74745930942311e+01,1.79961224539336e+02,7.74795037431351e+01,-4.22788366381626e-02
5.37031796370252e+06,5.74745930048340e+01,1.79960321343096e+02,7.74795036529985e+01,-4.32636369869506e-02
5.49540873857624e+06,5.74745929112238e+01,1.79959397108733e+02,7.74795035586139e+01,-4.42713762635894e-02
5.62341325190348e+06,5.74745928132019e+01,1.79958451346206e+02,7.74795034597811e+01,-4.53025887829844e-02
5.75439937337156e+06,5.74745927105603e+01,1.79957483554062e+02,7.74795033562904e+01,-4.63578213057364e-02
5.88843655355588e+06,5.74745926030814e+01,1.79956493219166e+02,7.74795032479224e+01,-4.74376333280320e-02
6.02559586074357e+06,5.74745924905372e+01,1.79955479816432e+02,7.74795031344472e+01,-4.85425973782863e-02
6.16595001861481e+06,5.74745923726890e+01,1.79954442808543e+02,7.74795030156240e+01,-4.96732993206943e-02
6.30957344480192e+06,5.74745922492867e+01,1.79953381645667e+02,7.74795028912009e+01,-5.08303386658527e-02
6.45654229034654e+06,5.74745921200687e+01,1.79952295765162e+02,7.74795027609138e+01,-5.20143288886158e-02
6.60693448007595e+06,5.74745919847608e+01,1.79951184591284e+02,7.74795026244866e+01,-5.32258977533555e-02
6.76082975391980e+06,5.74745918430760e+01,1.79950047534878e+02,7.74795024816298e+01,-5.44656876467963e-02
6.91830970918935e+06,5.74745916947139e+01,1.79948883993063e+02,7.74795023320403e+01,-5.57343559186019e-02
7.07945784384136e+06,5.74745915393596e+01,1.79947693348918e+02,7.74795021754009e+01,-5.70325752298952e-02
7.24435960074989e+06,5.74745913766838e+01,1.79946474971152e+02,7.74795020113793e+01,-5.83610339098946e-02
7.41310241300916e+06,5.74745912063413e+01,1.79945228213770e+02,7.74795018396276e+01,-5.97204363208573e-02
7.58577575029182e+06,5.74745910279708e+01,1.79943952415727e+02,7.74795016597815e+01,-6.11115032315216e-02
7.76247116628690e+06,5.74745908411939e+01,1.79942646900583e+02,7.74795014714595e+01,-6.25349721992470e-02
7.94328234724280e+06,5.74745906456146e+01,1.79941310976144e+02,7.74795012742622e+01,-6.39915979610541e-02
8.12830516164097e+06,5.74745904408179e+01,1.79939943934088e+02,7.74795010677713e+01,-6.54821528337726e-02
8.31763771102669e+06,5.74745902263694e+01,1.79938545049598e+02,7.74795008515488e+01,-6.70074271235071e-02
8.51138038202375e+06,5.74745900018143e+01,1.79937113580974e+02,7.74795006251360e+01,-6.85682295446407e-02
8.70963589956079e+06,5.74745897666763e+01,1.79935648769238e+02,7.74795003880528e+01,-7.01653876485963e-02
8.91250938133743e+06,5.74745895204565e+01,1.79934149837734e+02,7.74795001397961e+01,-7.17997482625829e-02
9.12010839355908e+06,5.74745892626328e+01,1.79932615991718e+02,7.74794998798396e+01,-7.34721779385612e-02
9.33254300796989e+06,5.74745889926582e+01,1.79931046417932e+02,7.74794996076316e+01,-7.51835634126635e-02
9.54992586021434e+06,5.74745887099602e+01,1.79929440284175e+02,7.74794993225949e+01,-7.69348120753145e-02
9.77237220955808e+06,5.74745884139390e+01,1.79927796738865e+02,7.74794990241249e+01,-7.87268524522989e-02
9.99999999999998e+06,5.74745881039668e+01,1.79926114910581e+02,7.74794987115884e+01,-8.05606346970336e-02
1.02329299228075e+07,5.74745877793861e+01,1.79924393907607e+02,7.74794983843225e+01,-8.24371310943032e-02
1.04712854805090e+07,5.74745874395084e+01,1.79922632817456e+02,7.74794980416331e+01,-8.43573365757261e-02
1.07151930523760e+07,5.74745870836128e+01,1.79920830706386e+02,7.74794976827934e+01,-8.63222692472259e-02
1.09647819614318e+07,5.74745867109444e+01,1.79918986618909e+02,7.74794973070420e+01,-8.83329709287844e-02
1.12201845430196e+07,5.74745863207126e+01,1.79917099577279e+02,7.74794969135820e+01,-9.03905077067650e-02
1.14815362149688e+07,5.74745859120899e+01,1.79915168580977e+02,7.74794965015789e+01,-9.24959704990978e-02
1.17489755493953e+07,5.74745854842094e+01,1.79913192606178e+02,7.74794960701587e+01,-9.46504756336256e-02
1.20226443461741e+07,5.74745850361636e+01,1.79911170605214e+02,7.74794956184064e+01,-9.68551654399172e-02
1.23026877081238e+07,5.74745845670020e+01,1.79909101506011e+02,7.74794951453636e+01,-9.91112088548619e-02
1.25892541179416e+07,5.74745840757296e+01,1.79906984211524e+02,7.74794946500271e+01,-1.01419802042366e-01
1.28824955169313e+07,5.74745835613044e+01,1.79904817599160e+02,7.74794941313462e+01,-1.03782169027476e-01
1.31825673855640e+07,5.74745830226350e+01,1.79902600520173e+02,7.74794935882207e+01,-1.06199562345275e-01
1.34896288259165e+07,5.74745824585791e+01,1.79900331799064e+02,7.74794930194985e+01,-1.08673263704877e-01
1.38038426460288e+07,5.74745818679401e+01,1.79898010232954e+02,7.74794924239734e+01,-1.11204584668889e-01
1.41253754462275e+07,5.74745812494652e+01,1.79895634590947e+02,7.74794918003820e+01,-1.13794867348695e-01
1.44543977074592e+07,5.74745806018425e+01,1.79893203613475e+02,7.74794911474019e+01,-1.16445485115923e-01
1.47910838816820e+07,5.74745799236985e+01,1.79890716011635e+02,7.74794904636478e+01,-1.19157843330477e-01
1.51356124843620e+07,5.74745792135947e+01,1.79888170466503e+02,7.74794897476695e+01,-1.21933380085525e-01
1.54881661891248e+07,5.74745784700247e+01,1.79885565628435e+02,7.74794889979484e+01,-1.24773566969827e-01
1.58489319246111e+07,5.74745776914116e+01,1.79882900116350e+02,7.74794882128940e+01,-1.27679909847807e-01
1.62181009735892e+07,5.74745768761037e+01,1.79880172517003e+02,7.74794873908414e+01,-1.30653949657796e-01
1.65958690743756e+07,5.74745760223717e+01,1.79877381384231e+02,7.74794865300468e+01,-1.33697263228851e-01
1.69824365246174e+07,5.74745751284048e+01,1.79874525238186e+02,7.74794856286844e+01,-1.36811464116585e-01
1.73780082874937e+07,5.74745741923066e+01,1.79871602564557e+02,7.74794846848422e+01,-1.39998203458465e-01
1.77827941003892e+07,5.74745732120917e+01,1.79868611813759e+02,7.74794836965184e+01,-1.43259170849012e-01
1.81970085860998e+07,5.74745721856810e+01,1.79865551400118e+02,7.74794826616165e+01,-1.46596095235373e-01
1.86208713666286e+07,5.74745711108973e+01,1.79862419701027e+02,7.74794815779415e+01,-1.50010745833741e-01
1.90546071796324e+07,5.74745699854609e+01,1.79859215056087e+02,7.74794804431947e+01,-1.53504933067110e-01
1.94984459975804e+07,5.74745688069846e+01,1.79855935766229e+02,7.74794792549693e+01,-1.57080509524845e-01
1.99526231496887e+07,5.74745675729687e+01,1.79852580092810e+02,7.74794780107449e+01,-1.60739370944595e-01
2.04173794466952e+07,5.74745662807959e+01,1.79849146256692e+02,7.74794767078824e+01,-1.64483457217053e-01
2.08929613085403e+07,5.74745649277253e+01,1.79845632437305e+02,7.74794753436183e+01,-1.68314753414104e-01
2.13796208950223e+07,5.74745635108868e+01,1.79842036771671e+02,7.74794739150588e+01,-1.72235290840892e-01
2.18776162394955e+07,5.74745620272753e+01,1.79838357353428e+02,7.74794724191739e+01,-1.76247148112379e-01
2.23872113856833e+07,5.74745604737439e+01,1.79834592231812e+02,7.74794708527907e+01,-1.80352452254940e-01
2.29086765276777e+07,5.74745588469974e+01,1.79830739410629e+02,7.74794692125867e+01,-1.84553379833610e-01
2.34422881531991e+07,5.74745571435854e+01,1.79826796847190e+02,7.74794674950829e+01,-1.88852158105535e-01
2.39883291901948e+07,5.74745553598948e+01,1.79822762451237e+02,7.74794656966363e+01,-1.93251066200285e-01
2.45470891568502e+07,5.74745534921422e+01,1.79818634083829e+02,7.74794638134324e+01,-1.97752436327599e-01
2.51188643150957e+07,5.74745515363659e+01,1.79814409556210e+02,7.74794618414767e+01,-2.02358655013250e-01
2.57039578276885e+07,5.74745494884178e+01,1.79810086628653e+02,7.74794597765865e+01,-2.07072164363642e-01
2.63026799189537e+07,5.74745473439538e+01,1.79805663009266e+02,7.74794576143821e+01,-2.11895463359829e-01
2.69153480392691e+07,5.74745450984256e+01,1.79801136352787e+02,7.74794553502773e+01,-2.16831109181630e-01
2.75422870333816e+07,5.74745427470701e+01,1.79796504259332e+02,7.74794529794697e+01,-2.21881718562538e-01
2.81838293126444e+07,5.74745402849000e+01,1.79791764273130e+02,7.74794504969308e+01,-2.27049969176139e-01
2.88403150312660e+07,5.74745377066928e+01,1.79786913881221e+02,7.74794478973949e+01,-2.32338601054768e-01
2.95120922666637e+07,5.74745350069802e+01,1.79781950512123e+02,7.74794451753484e+01,-2.37750418041153e-01
3.01995172040200e+07,5.74745321800359e+01,1.79776871534469e+02,7.74794423250175e+01,-2.43288289273813e-01
3.09029543251358e+07,5.74745292198637e+01,1.79771674255616e+02,7.74794393403567e+01,-2.48955150706976e-01
3.16227766016837e+07,5.74745261201851e+01,1.79766355920219e+02,7.74794362150353e+01,-2.54754006665843e-01
3.23593656929627e+07,5.74745228744255e+01,1.79760913708767e+02,7.74794329424244e+01,-2.60687931437995e-01
3.31131121482590e+07,5.74745194757006e+01,1.79755344736095e+02,7.74794295155827e+01,-2.66760070901780e-01
3.38844156139201e+07,5.74745159168016e+01,1.79749646049852e+02,7.74794259272418e+01,-2.72973644192552e-01
3.46736850452530e+07,5.74745121901800e+01,1.79743814628942e+02,7.74794221697908e+01,-2.79331945407619e-01
3.54813389233574e+07,5.74745082879315e+01,1.79737847381919e+02,7.74794182352600e+01,-2.85838345350808e-01
3.63078054770100e+07,5.74745042017795e+01,1.79731741145353e+02,7.74794141153042e+01,-2.92496293317552e-01
3.71535229097171e+07,5.74744999230573e+01,1.79725492682155e+02,7.74794098011850e+01,-2.99309318921440e-01
3.80189396320560e+07,5.74744954426896e+01,1.79719098679861e+02,7.74794052837522e+01,-3.06281033963195e-01
3.89045144994279e+07,5.74744907511736e+01,1.79712555748884e+02,7.74794005534244e+01,-3.13415134343042e-01
3.98107170553496e+07,5.74744858385588e+01,1.79705860420710e+02,7.74793956001684e+01,-3.20715402017485e-01
4.07380277804111e+07,5.74744806944255e+01,1.79699009146072e+02,7.74793904134787e+01,-3.28185707001501e-01
4.16869383470334e+07,5.74744753078633e+01,1.79691998293066e+02,7.74793849823544e+01,-3.35830009417215e-01
4.26579518801591e+07,5.74744696674474e+01,1.79684824145228e+02,7.74793792952763e+01,-3.43652361590111e-01
4.36515832240164e+07,5.74744637612147e+01,1.79677482899570e+02,7.74793733401824e+01,-3.51656910193883e-01
4.46683592150961e+07,5.74744575766385e+01,1.79669970664567e+02,7.74793671044421e+01,-3.59847898445042e-01
4.57088189614873e+07,5.74744511006018e+01,1.79662283458099e+02,7.74793605748299e+01,-3.68229668348426e-01
4.67735141287196e+07,5.74744443193691e+01,1.79654417205339e+02,7.74793537374970e+01,-3.76806662994777e-01
4.78630092322636e+07,5.74744372185582e+01,1.79646367736604e+02,7.74793465779419e+01,-3.85583428911592e-01
4.89778819368444e+07,5.74744297831089e+01,1.79638130785148e+02,7.74793390809798e+01,-3.94564618468461e-01
5.01187233627270e+07,5.74744219972514e+01,1.79629701984899e+02,7.74793312307105e+01,-4.03754992338142e-01
5.12861383991363e+07,5.74744138444727e+01,1.79621076868161e+02,7.74793230104844e+01,-4.13159422014661e-01
5.24807460249770e+07,5.74744053074819e+01,1.79612250863242e+02,7.74793144028675e+01,-4.22782892389734e-01
5.37031796370251e+07,5.74743963681731e+01,1.79603219292042e+02,7.74793053896041e+01,-4.32630504388844e-01
5.49540873857622e+07,5.74743870075874e+01,1.79593977367580e+02,7.74792959515785e+01,-4.42707477668350e-01
5.62341325190347e+07,5.74743772058727e+01,1.79584520191460e+02,7.74792860687741e+01,-4.53019153375012e-01
5.75439937337155e+07,5.74743669422411e+01,1.79574842751289e+02,7.74792757202313e+01,-4.63570996969349e-01
5.88843655355586e+07,5.74743561949256e+01,1.79564939918022e+02,7.74792648840028e+01,-4.74368601114315e-01
6.02559586074355e+07,5.74743449411333e+01,1.79554806443256e+02,7.74792535371072e+01,-4.85417688630746e-01
6.16595001861480e+07,5.74743331569975e+01,1.79544436956456e+02,7.74792416554803e+01,-4.96724115521122e-01
6.30957344480191e+07,5.74743208175269e+01,1.79533825962121e+02,7.74792292139239e+01,-5.08293874063184e-01
6.45654229034653e+07,5.74743078965526e+01,1.79522967836881e+02,7.74792161860527e+01,-5.20133095975008e-01
6.60693448007593e+07,5.74742943666729e+01,1.79511856826526e+02,7.74792025442382e+01,-5.32248055653130e-01
6.76082975391979e+07,5.74742801991950e+01,1.79500487042975e+02,7.74791882595502e+01,-5.44645173485406e-01
6.91830970918933e+07,5.74742653640741e+01,1.79488852461162e+02,7.74791733016952e+01,-5.57331019240274e-01
7.07945784384135e+07,5.74742498298500e+01,1.79476946915862e+02,7.74791576389528e+01,-5.70312315534165e-01
7.24435960074987e+07,5.74742335635803e+01,1.79464764098438e+02,7.74791412381078e+01,-5.83595941378801e-01
7.41310241300914e+07,5.74742165307703e+01,1.79452297553514e+02,7.74791240643804e+01,-5.97188935810204e-01
7.58577575029180e+07,5.74741986953007e+01,1.79439540675573e+02,7.74791060813519e+01,-6.11098501601231e-01
7.76247116628688e+07,5.74741800193500e+01,1.79426486705473e+02,7.74790872508882e+01,-6.25332009059529e-01
7.94328234724278e+07,5.74741604633152e+01,1.79413128726890e+02,7.74790675330585e+01,-6.39896999912807e-01
8.12830516164096e+07,5.74741399857277e+01,1.79399459662671e+02,7.74790468860508e+01,-6.54801191283387e-01
8.31763771102667e+07,5.74741185431650e+01,1.79385472271109e+02,7.74790252660835e+01,-6.70052479754026e-01
8.51138038202373e+07,5.74740960901593e+01,1.79371159142132e+02,7.74790026273124e+01,-6.85658945527036e-01
8.70963589956077e+07,5.74740725791009e+01,1.79356512693404e+02,7.74789789217337e+01,-7.01628856678776e-01
8.91250938133741e+07,5.74740479601374e+01,1.79341525166334e+02,7.74789540990824e+01,-7.17970673511639e-01
9.12010839355906e+07,5.74740221810679e+01,1.79326188621998e+02,7.74789281067257e+01,-7.34693053005678e-01
9.33254300796987e+07,5.74739951872329e+01,1.79310494936967e+02,7.74789008895515e+01,-7.51804853372067e-01
9.54992586021431e+07,5.74739669213981e+01,1.79294435799038e+02,7.74788723898519e+01,-7.69315138710663e-01
9.77237220955806e+07,5.74739373236334e+01,1.79278002702870e+02,7.74788425472007e+01,-7.87233183773903e-01
9.99999999999995e+07,5.74739063311859e+01,1.79261186945516e+02,7.74788112983256e+01,-8.05568478839423e-01
1.02329299228075e+08,5.74738738783473e+01,1.79243979621862e+02,7.74787785769743e+01,-8.24330734693706e-01
1.04712854805089e+08,5.74738398963143e+01,1.79226371619950e+02,7.74787443137741e+01,-8.43529887729225e-01
1.07151930523760e+08,5.74738043130434e+01,1.79208353616211e+02,7.74787084360850e+01,-8.63176105157504e-01
1.09647819614318e+08,5.74737670530982e+01,1.79189916070572e+02,7.74786708678460e+01,-8.83279790340603e-01
1.12201845430196e+08,5.74737280374897e+01,1.79171049221467e+02,7.74786315294143e+01,-9.03851588243593e-01
1.14815362149688e+08,5.74736871835091e+01,1.79151743080727e+02,7.74785903373965e+01,-9.24902391010573e-01
1.17489755493952e+08,5.74736444045531e+01,1.79131987428357e+02,7.74785472044719e+01,-9.46443343666895e-01
1.20226443461741e+08,5.74735996099401e+01,1.79111771807195e+02,7.74785020392085e+01,-9.68485849950256e-01
1.23026877081237e+08,5.74735527047190e+01,1.79091085517454e+02,7.74784547458688e+01,-9.91041578273378e-01
1.25892541179416e+08,5.74735035894678e+01,1.79069917611135e+02,7.74784052242075e+01,-1.01412246782104e+00
1.28824955169313e+08,5.74734521600835e+01,1.79048256886320e+02,7.74783533692596e+01,-1.03774073478429e+00
1.31825673855640e+08,5.74733983075619e+01,1.79026091881334e+02,7.74782990711183e+01,-1.06190887873460e+00
1.34896288259165e+08,5.74733419177674e+01,1.79003410868780e+02,7.74782422147027e+01,-1.08663968914104e+00
1.38038426460288e+08,5.74732828711912e+01,1.78980201849440e+02,7.74781826795143e+01,-1.11194625203312e+00
1.41253754462275e+08,5.74732210426989e+01,1.78956452546035e+02,7.74781203393823e+01,-1.13784195681259e+00
1.44543977074592e+08,5.74731563012663e+01,1.78932150396855e+02,7.74780550621972e+01,-1.16434050321694e+00
1.47910838816820e+08,5.74730885097019e+01,1.78907282549244e+02,7.74779867096312e+01,-1.19145590843777e+00
1.51356124843620e+08,5.74730175243575e+01,1.78881835852936e+02,7.74779151368461e+01,-1.21920251439716e+00
1.54881661891247e+08,5.74729431948248e+01,1.78855796853258e+02,7.74778401921874e+01,-1.24759499518504e+00
1.58489319246110e+08,5.74728653636173e+01,1.78829151784166e+02,7.74777617168641e+01,-1.27664836466076e+00
1.62181009735892e+08,5.74727838658381e+01,1.78801886561142e+02,7.74776795446129e+01,-1.30637798422214e+00
1.65958690743755e+08,5.74726985288316e+01,1.78773986773932e+02,7.74775935013477e+01,-1.33679957074495e+00
1.69824365246173e+08,5.74726091718194e+01,1.78745437679123e+02,7.74775034047919e+01,-1.36792920469643e+00
1.73780082874937e+08,5.74725156055182e+01,1.78716224192562e+02,7.74774090640937e+01,-1.39978333842572e+00
1.77827941003891e+08,5.74724176317410e+01,1.78686330881611e+02,7.74773102794234e+01,-1.43237880463480e+00
1.81970085860997e+08,5.74723150429790e+01,1.78655741957232e+02,7.74772068415523e+01,-1.46573282503301e+00
1.86208713666286e+08,5.74722076219638e+01,1.78624441265909e+02,7.74770985314108e+01,-1.49986301917855e+00
1.90546071796324e+08,5.74720951412096e+01,1.78592412281390e+02,7.74769851196274e+01,-1.53478741351034e+00
1.94984459975803e+08,5.74719773625339e+01,1.78559638096260e+02,7.74768663660446e+01,-1.57052445057339e+00
1.99526231496887e+08,5.74718540365554e+01,1.78526101413326e+02,7.74767420192132e+01,-1.60709299844119e+00
2.04173794466952e+08,5.74717249021689e+01,1.78491784536836e+02,7.74766118158628e+01,-1.64451236033824e+00
2.08929613085403e+08,5.74715896859957e+01,1.78456669363497e+02,7.74764754803473e+01,-1.68280228446617e+00
2.13796208950222e+08,5.74714481018082e+01,1.78420737373319e+02,7.74763327240648e+01,-1.72198297403667e+00
2.18776162394954e+08,5.74712998499276e+01,1.78383969620260e+02,7.74761832448504e+01,-1.76207509751446e+00
2.23872113856833e+08,5.74711446165937e+01,1.78346346722686e+02,7.74760267263406e+01,-1.80309979907353e+00
2.29086765276776e+08,5.74709820733055e+01,1.78307848853632e+02,7.74758628373085e+01,-1.84507870926982e+00
2.34422881531991e+08,5.74708118761307e+01,1.78268455730864e+02,7.74756912309671e+01,-1.88803395593348e+00
2.39883291901947e+08,5.74706336649832e+01,1.78228146606744e+02,7.74755115442418e+01,-1.93198817528374e+00
2.45470891568501e+08,5.74704470628678e+01,1.78186900257887e+02,7.74753233970070e+01,-1.97696452326934e+00
2.51188643150956e+08,5.74702516750881e+01,1.78144694974622e+02,7.74751263912895e+01,-2.02298668713752e+00
2.57039578276885e+08,5.74700470884197e+01,1.78101508550234e+02,7.74749201104328e+01,-2.07007889723425e+00
2.63026799189536e+08,5.74698328702434e+01,1.78057318270006e+02,7.74747041182243e+01,-2.11826593903840e+00
2.69153480392690e+08,5.74696085676391e+01,1.78012100900042e+02,7.74744779579809e+01,-2.16757316543254e+00
2.75422870333815e+08,5.74693737064373e+01,1.77965832675885e+02,7.74742411515931e+01,-2.21802650921254e+00
2.81838293126444e+08,5.74691277902272e+01,1.77918489290911e+02,7.74739931985242e+01,-2.26965249583849e+00
2.88403150312659e+08,5.74688702993183e+01,1.77870045884510e+02,7.74737335747633e+01,-2.32247825642882e+00
2.95120922666637e+08,5.74686006896549e+01,1.77820477030054e+02,7.74734617317308e+01,-2.37653154099951e+00
3.01995172040200e+08,5.74683183916793e+01,1.77769756722639e+02,7.74731770951318e+01,-2.43184073195018e+00
3.09029543251357e+08,5.74680228091437e+01,1.77717858366610e+02,7.74728790637583e+01,-2.48843485779827e+00
3.16227766016836e+08,5.74677133178672e+01,1.77664754762868e+02,7.74725670082352e+01,-2.54634360716261e+00
3.23593656929626e+08,5.74673892644348e+01,1.77610418095953e+02,7.74722402697086e+01,-2.60559734299708e+00
3.31131121482589e+08,5.74670499648377e+01,1.77554819920912e+02,7.74718981584746e+01,-2.66622711707500e+00
3.38844156139200e+08,5.74666947030506e+01,1.77497931149941e+02,7.74715399525440e+01,-2.72826468472423e+00
3.46736850452529e+08,5.74663227295439e+01,1.77439722038817e+02,7.74711648961428e+01,-2.79174251981299e+00
3.54813389233573e+08,5.74659332597277e+01,1.77380162173104e+02,7.74707721981421e+01,-2.85669382998538e+00
3.63078054770099e+08,5.74655254723251e+01,1.77319220454149e+02,7.74703610304180e+01,-2.92315257214589e+00
3.71535229097170e+08,5.74650985076710e+01,1.77256865084865e+02,7.74699305261355e+01,-2.99115346819082e+00
3.80189396320559e+08,5.74646514659331e+01,1.77193063555304e+02,7.74694797779548e+01,-3.06073202098478e+00
3.89045144994278e+08,5.74641834052524e+01,1.77127782628021e+02,7.74690078361554e+01,-3.13192453057926e+00
3.98107170553495e+08,5.74636933397992e+01,1.77060988323242e+02,7.74685137066757e+01,-3.20476811066987e+00
4.07380277804110e+08,5.74631802377408e+01,1.76992645903827e+02,7.74679963490632e+01,-3.27930070528818e+00
4.16869383470333e+08,5.74626430191173e+01,1.76922719860052e+02,7.74674546743320e+01,-3.35556110572313e+00
4.26579518801590e+08,5.74620805536218e+01,1.76851173894194e+02,7.74668875427238e+01,-3.43358896766640e+00
4.36515832240163e+08,5.74614916582799e+01,1.76777970904953e+02,7.74662937613675e+01,-3.51342482857497e+00
4.46683592150960e+08,5.74608750950257e+01,1.76703072971694e+02,7.74656720818341e+01,-3.59511012524349e+00
4.57088189614872e+08,5.74602295681686e+01,1.76626441338537e+02,7.74650211975813e+01,-3.67868721157758e+00
4.67735141287195e+08,5.74595537217463e+01,1.76548036398295e+02,7.74643397412843e+01,-3.76419937655861e+00
4.78630092322635e+08,5.74588461367612e+01,1.76467817676278e+02,7.74636262820469e+01,-3.85169086238875e+00
4.89778819368443e+08,5.74581053282917e+01,1.76385743813975e+02,7.74628793224886e+01,-3.94120688280432e+00
5.01187233627269e+08,5.74573297424771e+01,1.76301772552623e+02,7.74620972957027e+01,-4.03279364154358e+00
5.12861383991361e+08,5.74565177533679e+01,1.76215860716687e+02,7.74612785620788e+01,-4.12649835095405e+00
5.24807460249769e+08,5.74556676596378e+01,1.76127964197269e+02,7.74604214059861e+01,-4.22236925072260e+00
5.37031796370249e+08,5.74547776811509e+01,1.76038037935456e+02,7.74595240323100e+01,-4.32045562670972e+00
5.49540873857621e+08,5.74538459553785e+01,1.75946035905635e+02,7.74585845628374e+01,-4.42080782986804e+00
5.62341325190345e+08,5.74528705336593e+01,1.75851911098806e+02,7.74576010324834e+01,-4.52347729522257e+00
5.75439937337153e+08,5.74518493772972e+01,1.75755615505897e+02,7.74565713853546e+01,-4.62851656088841e+00
5.88843655355585e+08,5.74507803534904e+01,1.75657100101137e+02,7.74554934706413e+01,-4.73597928709946e+00
6.02559586074353e+08,5.74496612310838e+01,1.75556314825491e+02,7.74543650383323e+01,-4.84592027521895e+00
6.16595001861478e+08,5.74484896761405e+01,1.75453208570207e+02,7.74531837347459e+01,-4.95839548670029e+00
6.30957344480189e+08,5.74472632473232e+01,1.75347729160502e+02,7.74519470978694e+01,-5.07346206196401e+00
6.45654229034651e+08,5.74459793910790e+01,1.75239823339434e+02,7.74506525525008e+01,-5.19117833915339e+00
6.60693448007591e+08,5.74446354366215e+01,1.75129436751988e+02,7.74492974051843e+01,-5.31160387272850e+00
6.76082975391977e+08,5.74432285907014e+01,1.75016513929434e+02,7.74478788389328e+01,-5.43479945185505e+00
6.91830970918931e+08,5.74417559321581e+01,1.74900998274006e+02,7.74463939077298e+01,-5.56082711854063e+00
7.07945784384133e+08,5.74402144062457e+01,1.74782832043935e+02,7.74448395308023e+01,-5.68975018546766e+00
7.24435960074985e+08,5.74386008187244e+01,1.74661956338923e+02,7.74432124866571e+01,-5.82163325346777e+00
7.41310241300912e+08,5.74369118297101e+01,1.74538311086091e+02,7.74415094068724e+01,-5.95654222857877e+00
7.58577575029178e+08,5.74351439472735e+01,1.74411835026481e+02,7.74397267696368e+01,-6.09454433862028e+00
7.76247116628686e+08,5.74332935207811e+01,1.74282465702182e+02,7.74378608930270e+01,-6.23570814921977e+00
7.94328234724276e+08,5.74313567339700e+01,1.74150139444146e+02,7.74359079280158e+01,-6.38010357921548e+00
8.12830516164093e+08,5.74293295977476e+01,1.74014791360782e+02,7.74338638512029e+01,-6.52780191535752e+00
8.31763771102665e+08,5.74272079427086e+01,1.73876355327417e+02,7.74317244572589e+01,-6.67887582622281e+00
8.51138038202370e+08,5.74249874113615e+01,1.73734763976699e+02,7.74294853510755e+01,-6.83339937525345e+00
8.70963589956074e+08,5.74226634500547e+01,1.73589948690067e+02,7.74271419396126e+01,-6.99144803282222e+00
8.91250938133739e+08,5.74202313005973e+01,1.73441839590364e+02,7.74246894234349e+01,-7.15309868722194e+00
9.12010839355903e+08,5.74176859915630e+01,1.73290365535731e+02,7.74221227879288e+01,-7.31842965446885e+00
9.33254300796984e+08,5.74150223292734e+01,1.73135454114880e+02,7.74194367941940e+01,-7.48752068680274e+00
9.54992586021429e+08,5.74122348884500e+01,1.72977031643887e+02,7.74166259696000e+01,-7.66045297975909e+00
9.77237220955803e+08,5.74093180025299e+01,1.72815023164628e+02,7.74136845980012e+01,-7.83730917768048e+00
9.99999999999992e+08,5.74062657536383e+01,1.72649352445015e+02,7.74106067096044e+01,-8.01817337752635e+00
1.02329299228075e+09,5.74030719622108e+01,1.72479941981169e+02,7.74073860704814e+01,-8.20313113083134e+00
1.04712854805089e+09,5.73997301762614e+01,1.72306713001701e+02,7.74040161717216e+01,-8.39226944365376e+00
1.07151930523760e+09,5.73962336602894e+01,1.72129585474265e+02,7.74004902182184e+01,-8.58567677434615e+00
1.09647819614318e+09,5.73925753838235e+01,1.71948478114566e+02,7.73968011170872e+01,-8.78344302897037e+00
1.12201845430195e+09,5.73887480095974e+01,1.71763308398014e+02,7.73929414657086e+01,-8.98565955416965e+00
1.14815362149687e+09,5.73847438813562e+01,1.71573992574216e+02,7.73889035393970e+01,-9.19241912729962e+00
1.17489755493952e+09,5.73805550112925e+01,1.71380445684528e+02,7.73846792786909e+01,-9.40381594361012e+00
1.20226443461740e+09,5.73761730671109e+01,1.71182581582878e+02,7.73802602762666e+01,-9.61994560025822e+00
1.23026877081237e+09,5.73715893587241e+01,1.70980312960105e+02,7.73756377634751e+01,-9.84090507692235e+00
1.25892541179416e+09,5.73667948245834e+01,1.70773551372039e+02,7.73708025965062e+01,-1.00667927127759e+01
1.28824955169312e+09,5.73617800176469e+01,1.70562207271602e+02,7.73657452421830e+01,-1.02977081795677e+01
1.31825673855640e+09,5.73565350909950e+01,1.70346190045170e+02,7.73604557633949e+01,-1.05337524505440e+01
1.34896288259164e+09,5.73510497830999e+01,1.70125408053498e+02,7.73549238041762e+01,-1.07750277649384e+01
1.38038426460287e+09,5.73453134027615e+01,1.69899768677482e+02,7.73491385744425e+01,-1.10216375877397e+01
1.41253754462274e+09,5.73393148137237e+01,1.69669178369063e+02,7.73430888343975e+01,-1.12736865644420e+01
1.44543977074592e+09,5.73330424189874e+01,1.69433542707590e+02,7.73367628786275e+01,-1.15312804704664e+01
1.47910838816820e+09,5.73264841448410e+01,1.69192766461956e+02,7.73301485199021e+01,-1.17945261549347e+01
1.51356124843620e+09,5.73196274246310e+01,1.68946753658844e+02,7.73232330727049e+01,-1.20635314784659e+01
1.54881661891247e+09,5.73124591822996e+01,1.68695407657428e+02,7.73160033365203e+01,-1.23384052446555e+01
1.58489319246110e+09,5.73049658157209e+01,1.68438631230868e+02,7.73084455789062e+01,-1.26192571248904e+01
1.62181009735892e+09,5.72971331798707e+01,1.68176326654975e+02,7.73005455183885e+01,-1.29061975761442e+01
1.65958690743755e+09,5.72889465698689e+01,1.67908395804389e+02,7.72922883072149e+01,-1.31993377513905e+01
1.69824365246173e+09,5.72803907039401e+01,1.67634740256659e+02,7.72836585140145e+01,-1.34987894022687e+01
1.73780082874936e+09,5.72714497063422e+01,1.67355261404586e+02,7.72746401064097e+01,-1.38046647736315e+01
1.77827941003891e+09,5.72621070903182e+01,1.67069860577203e+02,7.72652164336371e+01,-1.41170764896027e+01
1.81970085860997e+09,5.72523457411323e+01,1.66778439169777e+02,7.72553702092382e+01,-1.44361374307762e+01
1.86208713666285e+09,5.72421478992592e+01,1.66480898783183e+02,7.72450834938854e+01,-1.47619606021875e+01
1.90546071796323e+09,5.72314951437997e+01,1.66177141373035e+02,7.72343376784184e+01,-1.50946589916977e+01
1.94984459975803e+09,5.72203683762040e+01,1.65867069408913e+02,7.72231134671707e+01,-1.54343454184381e+01
1.99526231496886e+09,5.72087478043920e+01,1.65550586044038e+02,7.72113908616736e+01,-1.57811323709766e+01
2.04173794466951e+09,5.71966129273657e+01,1.65227595295710e+02,7.71991491448334e+01,-1.61351318348840e+01
2.08929613085402e+09,5.71839425204175e+01,1.64898002236820e+02,7.71863668656847e+01,-1.64964551093995e+01
2.13796208950221e+09,5.71707146210467e+01,1.64561713198716e+02,7.71730218248294e+01,-1.68652126129205e+01
2.18776162394953e+09,5.71569065157040e+01,1.64218635985657e+02,7.71590910606826e+01,-1.72415136770714e+01
2.23872113856832e+09,5.71424947274921e+01,1.63868680101084e+02,7.71445508366503e+01,-1.76254663291471e+01
2.29086765276775e+09,5.71274550049596e+01,1.63511756985855e+02,7.71293766293769e+01,-1.80171770627627e+01
2.34422881531990e+09,5.71117623121330e+01,1.63147780268580e+02,7.71135431182049e+01,-1.84167505965971e+01
2.39883291901947e+09,5.70953908199412e+01,1.62776666028111e+02,7.70970241759999e+01,-1.88242896211697e+01
2.45470891568501e+09,5.70783138991929e+01,1.62398333068179e+02,7.70797928615021e+01,-1.92398945336528e+01
2.51188643150956e+09,5.70605041152793e+01,1.62012703204118e+02,7.70618214133718e+01,-1.96636631607973e+01
2.57039578276884e+09,5.70419332247759e+01,1.61619701561524e+02,7.70430812461053e+01,-2.00956904701220e+01
2.63026799189536e+09,5.70225721741313e+01,1.61219256886593e+02,7.70235429480052e+01,-2.05360682696109e+01
2.69153480392689e+09,5.70023911006318e+01,1.60811301867833e+02,7.70031762813926e+01,-2.09848848962512e+01
2.75422870333814e+09,5.69813593358389e+01,1.60395773468683e+02,7.69819501852579e+01,-2.14422248938560e+01
2.81838293126443e+09,5.69594454117007e+01,1.59972613270512e+02,7.69598327805490e+01,-2.19081686807231e+01
2.88403150312658e+09,5.69366170695417e+01,1.59541767825303e+02,7.69367913782990e+01,-2.23827922078065e+01
2.95120922666636e+09,5.69128412721376e+01,1.59103189017237e+02,7.69127924908003e+01,-2.28661666082033e+01
3.01995172040199e+09,5.68880842190831e+01,1.58656834432229e+02,7.68878018460280e+01,-2.33583578389011e+01
3.09029543251356e+09,5.68623113656571e+01,1.58202667734325e+02,7.68617844055191e+01,-2.38594263158708e+01
3.16227766016835e+09,5.68354874453893e+01,1.57740659047736e+02,7.68347043859059e+01,-2.43694265437465e+01
3.23593656929625e+09,5.68075764965260e+01,1.57270785343096e+02,7.68065252843016e+01,-2.48884067414892e+01
3.31131121482588e+09,5.67785418925836e+01,1.56793030826396e+02,7.67772099077239e+01,-2.54164084655939e+01
3.38844156139199e+09,5.67483463771704e+01,1.56307387328868e+02,7.67467204067342e+01,-2.59534662325670e+01
3.46736850452528e+09,5.67169521032418e+01,1.55813854695918e+02,7.67150183134564e+01,-2.64996071425672e+01
3.54813389233572e+09,5.66843206769405e+01,1.55312441173058e+02,7.66820645841230e+01,-2.70548505062718e+01
3.63078054770098e+09,5.66504132061505e+01,1.54803163786595e+02,7.66478196462766e+01,-2.76192074771968e+01
3.71535229097169e+09,5.66151903538758e+01,1.54286048716708e+02,7.66122434507328e+01,-2.81926806918577e+01
3.80189396320557e+09,5.65786123965231e+01,1.53761131660337e+02,7.65752955283836e+01,-2.87752639203175e+01
3.89045144994277e+09,5.65406392871447e+01,1.53228458181234e+02,7.65369350518917e+01,-2.93669417298074e+01
3.98107170553493e+09,5.65012307236592e+01,1.52688084044317e+02,7.64971209022932e+01,-2.99676891642435e+01
4.07380277804109e+09,5.64603462220363e+01,1.52140075531408e+02,7.64558117404899e+01,-3.05774714425748e+01
4.16869383470331e+09,5.64179451943891e+01,1.51584509735314e+02,7.64129660835716e+01,-3.11962436789989e+01
4.26579518801588e+09,5.63739870318766e+01,1.51021474829132e+02,7.63685423858689e+01,-3.18239506281540e+01
4.36515832240162e+09,5.63284311922735e+01,1.50451070307616e+02,7.63224991245887e+01,-3.24605264584485e+01
4.46683592150959e+09,5.62812372920160e+01,1.49873407197429e+02,7.62747948898387e+01,-3.31058945567071e+01
4.57088189614870e+09,5.62323652024835e+01,1.49288608233090e+02,7.62253884787945e+01,-3.37599673673038e+01
4.67735141287193e+09,5.61817751502222e+01,1.48696807995499e+02,7.61742389937156e+01,-3.44226462689032e+01
4.78630092322634e+09,5.61294278207670e+01,1.48098153009989e+02,7.61213059434586e+01,-3.50938214918499e+01
4.89778819368441e+09,5.60752844656625e+01,1.47492801800982e+02,7.60665493480856e+01,-3.57733720791197e+01
5.01187233627267e+09,5.60193070122324e+01,1.46880924900497e+02,7.60099298461138e+01,-3.64611658935824e+01
5.12861383991360e+09,5.59614581755946e+01,1.46262704807939e+02,7.59514088038969e+01,-3.71570596741162e+01
5.24807460249767e+09,5.59017015723700e+01,1.45638335898901e+02,7.58909484265831e+01,-3.78608991428622e+01
5.37031796370247e+09,5.58400018354843e+01,1.45008024280942e+02,7.58285118700438e+01,-3.85725191656124e+01
5.49540873857619e+09,5.57763247294218e+01,1.44371987594685e+02,7.57640633531263e+01,-3.92917439669874e+01
5.62341325190343e+09,5.57106372652488e+01,1.43730454758942e+02,7.56975682695433e+01,-4.00183874016803e+01
5.75439937337151e+09,5.56429078146919e+01,1.43083665658987e+02,7.56289932986794e+01,-4.07522532826304e+01
5.88843655355583e+09,5.55731062225313e+01,1.42431870777528e+02,7.55583065145680e+01,-4.14931357665393e+01
6.02559586074351e+09,5.55012039165463e+01,1.41775330768455e+02,7.54854774922706e+01,-4.22408197966620e+01
6.16595001861476e+09,5.54271740142410e+01,1.41114315973873e+02,7.54104774108820e+01,-4.29950816023059e+01
6.30957344480187e+09,5.53509914255753e+01,1.40449105885518e+02,7.53332791523760e+01,-4.37556892539461e+01
6.45654229034649e+09,5.52726329509284e+01,1.39779988552123e+02,7.52538573955186e+01,-4.45224032723368e+01
6.60693448007589e+09,5.51920773735425e+01,1.39107259934875e+02,7.51721887040839e+01,-4.52949772894623e+01
6.76082975391975e+09,5.51093055457142e+01,1.38431223213622e+02,7.50882516086369e+01,-4.60731587586416e+01
6.91830970918929e+09,5.50243004680376e+01,1.37752188046971e+02,7.50020266811804e+01,-4.68566897105841e+01
7.07945784384130e+09,5.49370473610476e+01,1.37070469789970e+02,7.49134966020052e+01,-4.76453075516965e+01
7.24435960074982e+09,5.48475337286625e+01,1.36386388673480e+02,7.48226462181369e+01,-4.84387459004786e+01
7.41310241300910e+09,5.47557494128870e+01,1.35700268949776e+02,7.47294625928341e+01,-4.92367354574141e+01
7.58577575029176e+09,5.46616866393075e+01,1.35012438009326e+02,7.46339350456591e+01,-5.00390049033831e+01
7.76247116628683e+09,5.45653400529844e+01,1.34323225473984e+02,7.45360551827217e+01,-5.08452818212917e+01
7.94328234724273e+09,5.44667067444304e+01,1.33632962272114e+02,7.44358169167745e+01,-5.16552936353431e+01
8.12830516164090e+09,5.43657862654500e+01,1.32941979701388e+02,7.43332164769288e+01,-5.24687685621661e+01
8.31763771102662e+09,5.42625806347038e+01,1.32250608485092e+02,7.42282524078454e+01,-5.32854365678765e+01
8.51138038202367e+09,5.41570943329551e+01,1.31559177827889e+02,7.41209255583503e+01,-5.41050303250778e+01
8.70963589956071e+09,5.40493342880476e+01,1.30868014476942e+02,7.40112390595161e+01,-5.49272861638060e+01
8.91250938133736e+09,5.39393098497557e+01,1.30177441794244e+02,7.38991982923411e+01,-5.57519450104975e+01
9.12010839355900e+09,5.38270327547369e+01,1.29487778845857e+02,7.37848108452496e+01,-5.65787533091998e+01
9.33254300796981e+09,5.37125170819041e+01,1.28799339513526e+02,7.36680864617204e+01,-5.74074639194543e+01
9.54992586021425e+09,5.35957791986135e+01,1.28112431633881e+02,7.35490369784336e+01,-5.82378369855522e+01
9.77237220955800e+09,5.34768376981427e+01,1.27427356170086e+02,7.34276762543998e+01,-5.90696407721937e+01
9.99999999999989e+09,5.33557133289978e+01,1.26744406420416e+02,7.33040200916050e+01,-5.99026524619637e+01
1.02329299228074e+10,5.32324289166502e+01,1.26063867267805e+02,7.31780861477624e+01,-6.07366589104594e+01
1.04712854805089e+10,5.31070092783559e+01,1.25386014473931e+02,7.30498938418172e+01,-6.15714573553742e+01
1.07151930523759e+10,5.29794811317494e+01,1.24711114020931e+02,7.29194642528899e+01,-6.24068560763253e+01
1.09647819614317e+10,5.28498729979403e+01,1.24039421503279e+02,7.27868200133782e+01,-6.32426750027342e+01
1.12201845430195e+10,5.27182150998613e+01,1.23371181571858e+02,7.26519851969617e+01,-6.40787462675834e+01
1.14815362149687e+10,5.25845392566300e+01,1.22706627431718e+02,7.25149852022642e+01,-6.49149147054079e+01
1.17489755493952e+10,5.24488787746924e+01,1.22045980394456e+02,7.23758466329382e+01,-6.57510382933992e+01
1.20226443461740e+10,5.23112683365078e+01,1.21389449485666e+02,7.22345971749262e+01,-6.65869885350113e+01
1.23026877081237e+10,5.21717438875256e+01,1.20737231107378e+02,7.20912654716451e+01,-6.74226507859508e+01
1.25892541179415e+10,5.20303425221770e+01,1.20089508754940e+02,7.19458809978164e+01,-6.82579245229024e+01
1.28824955169312e+10,5.18871023695823e+01,1.19446452787349e+02,7.17984739326391e+01,-6.90927235557751e+01
1.31825673855639e+10,5.17420624796331e+01,1.18808220249620e+02,7.16490750329663e+01,-6.99269761846601e+01
1.34896288259164e+10,5.15952627100741e+01,1.18174954745403e+02,7.14977155071100e+01,-7.07606253030521e+01
1.38038426460287e+10,5.14467436151572e+01,1.17546786357740e+02,7.13444268898518e+01,-7.15936284492117e+01
1.41253754462274e+10,5.12965463363987e+01,1.16923831615543e+02,7.11892409191917e+01,-7.24259578078241e+01
1.44543977074591e+10,5.11447124959117e+01,1.16306193503142e+02,7.10321894153168e+01,-7.32576001643462e+01
1.47910838816819e+10,5.09912840927373e+01,1.15693961510031e+02,7.08733041622203e+01,-7.40885568146266e+01
1.51356124843619e+10,5.08363034025400e+01,1.15087211717811e+02,7.07126167923469e+01,-7.49188434325315e+01
1.54881661891246e+10,5.06798128809781e+01,1.14486006921165e+02,7.05501586745909e+01,-7.57484898984155e+01
1.58489319246109e+10,5.05218550710054e+01,1.13890396779672e+02,7.03859608059168e+01,-7.65775400913429e+01
1.62181009735891e+10,5.03624725143058e+01,1.13300417997192e+02,7.02200537068260e+01,-7.74060516479943e+01
1.65958690743754e+10,5.02017076670102e+01,1.12716094525566e+02,7.00524673208398e+01,-7.82340956911837e+01
1.69824365246172e+10,5.00396028197932e+01,1.12137437789405e+02,6.98832309181243e+01,-7.90617565308741e+01
1.73780082874935e+10,4.98762000224017e+01,1.11564446928798e+02,6.97123730033373e+01,-7.98891313405096e+01
1.77827941003890e+10,4.97115410126189e+01,1.10997109056864e+02,6.95399212277373e+01,-8.07163298113862e+01
1.81970085860996e+10,4.95456671496260e+01,1.10435399529168e+02,6.93659023055547e+01,-8.15434737876694e+01
1.86208713666285e+10,4.93786193516861e+01,1.09879282222171e+02,6.91903419345938e+01,-8.23706968845252e+01
1.90546071796322e+10,4.92104380380348e+01,1.09328709818020e+02,6.90132647209991e+01,-8.31981440916816e+01
1.94984459975802e+10,4.90411630748336e+01,1.08783624093156e+02,6.88346941080964e+01,-8.40259713645723e+01
1.99526231496886e+10,4.88708337250096e+01,1.08243956208394e+02,6.86546523091935e+01,-8.48543452050345e+01
2.04173794466950e+10,4.86994886017798e+01,1.07709626998296e+02,6.84731602442035e+01,-8.56834422333559e+01
2.08929613085401e+10,4.85271656256351e+01,1.07180547257890e+02,6.82902374799412e+01,-8.65134487532729e+01
2.13796208950221e+10,4.83539019845402e+01,1.06656618024947e+02,6.81059021739274e+01,-8.73445603113348e+01
2.18776162394953e+10,4.81797340970863e+01,1.06137730856250e+02,6.79201710215258e+01,-8.81769812518604e+01
2.23872113856831e+10,4.80046975783219e+01,1.05623768096494e+02,6.77330592062318e+01,-8.90109242685217e+01
2.29086765276775e+10,4.78288272079742e+01,1.05114603138650e+02,6.75445803529292e+01,-8.98466099534081e+01
2.34422881531989e+10,4.76521569007640e+01,1.04610100674849e+02,6.73547464839274e+01,-9.06842663442417e+01
2.39883291901946e+10,4.74747196785125e+01,1.04110116937014e+02,6.71635679775962e+01,-9.15241284702444e+01
2.45470891568500e+10,4.72965476437324e+01,1.03614499926718e+02,6.69710535294183e+01,-9.23664378969866e+01
2.51188643150955e+10,4.71176719543943e+01,1.03123089633898e+02,6.67772101152837e+01,-9.32114422703921e+01
2.57039578276883e+10,4.69381227995577e+01,1.02635718244277e+02,6.65820429568627e+01,-9.40593948599230e+01
2.63026799189535e+10,4.67579293755621e+01,1.02152210335547e+02,6.63855554889014e+01,-9.49105541008275e+01
2.69153480392688e+10,4.65771198624697e+01,1.01672383062545e+02,6.61877493282947e+01,-9.57651831352041e+01
2.75422870333813e+10,4.63957214004658e+01,1.01196046331842e+02,6.59886242448089e+01,-9.66235493515142e+01
2.81838293126442e+10,4.62137600659209e+01,1.00723002966367e+02,6.57881781333364e+01,-9.74859239220668e+01
2.88403150312657e+10,4.60312608468351e+01,1.00253048860870e+02,6.55864069875842e+01,-9.83525813378978e+01
2.95120922666635e+10,4.58482476173912e+01,9.97859731291823e+01,6.53833048751136e+01,-9.92237989403820e+01
3.01995172040198e+10,4.56647431113574e+01,9.93215582444705e+01,6.51788639136664e+01,-1.00099856448834e+02
3.09029543251355e+10,4.54807688940936e+01,9.88595801737873e+01,6.49730742487341e+01,-1.00981035483293e+02
3.16227766016834e+10,4.52963453329335e+01,9.83998085084560e+01,6.47659240323431e+01,-1.01867619081632e+02
3.23593656929624e+10,4.51114915657310e+01,9.79420065919601e+01,6.45573994030521e+01,-1.02759891210086e+02
3.31131121482587e+10,4.49262254673804e+01,9.74859316471924e+01,6.43474844671791e+01,-1.03658136266268e+02
3.38844156139198e+10,4.47405636141434e+01,9.70313349050743e+01,6.41361612812955e+01,-1.04562638573717e+02
3.46736850452527e+10,4.45545212456408e+01,9.65779617367168e+01,6.39234098360485e+01,-1.05473681867030e+02
3.54813389233571e+10,4.43681122243923e+01,9.61255517914416e+01,6.37092080413949e+01,-1.06391548766615e+02
3.63078054770097e+10,4.41813489928223e+01,9.56738391431243e+01,6.34935317133530e+01,-1.07316520242141e+02
3.71535229097168e+10,4.39942425276787e+01,9.52225524474557e+01,6.32763545624015e+01,-1.08248875063787e+02
3.80189396320556e+10,4.38068022918491e+01,9.47714151128332e+01,6.30576481836778e+01,-1.09188889240443e+02
3.89045144994276e+10,4.36190361835982e+01,9.43201454877065e+01,6.28373820491519e+01,-1.10136835444059e+02
3.98107170553492e+10,4.34309504832912e+01,9.38684570672873e+01,6.26155235019740e+01,-1.11092982419453e+02
4.07380277804108e+10,4.32425497977122e+01,9.34160587226055e+01,6.23920377532167e+01,-1.12057594378931e+02
4.16869383470330e+10,4.30538370021359e+01,9.29626549549440e+01,6.21668878812556e+01,-1.13030930381232e+02
4.26579518801587e+10,4.28648131803591e+01,9.25079461787043e+01,6.19400348340533e+01,-1.14013243694379e+02
4.36515832240160e+10,4.26754775629530e+01,9.20516290357529e+01,6.17114374346322e+01,-1.15004781142215e+02
4.46683592150957e+10,4.24858274640519e+01,9.15933967442591e+01,6.14810523900403e+01,-1.16005782434498e+02
4.57088189614869e+10,4.22958582170516e+01,9.11329394849593e+01,6.12488343041356e+01,-1.17016479480674e+02
4.67735141287192e+10,4.21055631096486e+01,9.06699448276755e+01,6.10147356945273e+01,-1.18037095687563e+02
4.78630092322632e+10,4.19149333187120e+01,9.02040982007533e+01,6.07787070140298e+01,-1.19067845241469e+02
4.89778819368440e+10,4.17239578455408e+01,8.97350834058894e+01,6.05406966769979e+01,-1.20108932375409e+02
5.01187233627266e+10,4.15326234521166e+01,8.92625831805650e+01,6.03006510909196e+01,-1.21160550622413e+02
5.12861383991358e+10,4.13409145990240e+01,8.87862798100030e+01,6.00585146936542e+01,-1.22222882056115e+02
5.24807460249766e+10,4.11488133857644e+01,8.83058557902096e+01,5.98142299967035e+01,-1.23296096520122e+02
5.37031796370246e+10,4.09562994942457e+01,8.78209945432576e+01,5.95677376349071e+01,-1.24380350847934e+02
5.49540873857617e+10,4.07633501362766e+01,8.73313811855001e+01,5.93189764229486e+01,-1.25475788075508e+02
5.62341325190342e+10,4.05699400059405e+01,8.68367033488921e+01,5.90678834190516e+01,-1.26582536648862e+02
5.75439937337150e+10,4.03760412377620e+01,8.63366520550225e+01,5.88143939962328e+01,-1.27700709629438e+02
5.88843655355581e+10,4.01816233716055e+01,8.58309226408438e+01,5.85584419214584e+01,-1.28830403900284e+02
6.02559586074350e+10,3.99866533252699e+01,8.53192157344190e+01,5.82999594430337e+01,-1.29971699376448e+02
6.16595001861474e+10,3.97910953757515e+01,8.48012382782983e+01,5.80388773865179e+01,-1.31124658223296e+02
6.30957344480185e+10,3.95949111501468e+01,8.42767045974004e+01,5.77751252594289e+01,-1.32289324086824e+02
6.45654229034647e+10,3.93980596271525e+01,8.37453375075030e+01,5.75086313649565e+01,-1.33465721340337e+02
6.60693448007587e+10,3.92004971500938e+01,8.32068694596646e+01,5.72393229248555e+01,-1.34653854352181e+02
6.76082975391973e+10,3.90021774523690e+01,8.26610437151090e+01,5.69671262116376e+01,-1.35853706779515e+02
6.91830970918927e+10,3.88030516961432e+01,8.21076155443183e+01,5.66919666901160e+01,-1.37065240893367e+02
7.07945784384129e+10,3.86030685250502e+01,8.15463534433111e+01,5.64137691682914e+01,-1.38288396940466e+02
7.24435960074981e+10,3.84021741315730e+01,8.09770403593489e+01,5.61324579574940e+01,-1.39523092547538e+02
7.41310241300908e+10,3.82003123396740e+01,8.03994749176195e+01,5.58479570416137e+01,-1.40769222173914e+02
7.58577575029174e+10,3.79974247031200e+01,7.98134726398191e+01,5.55601902551671e+01,-1.42026656618421e+02
7.76247116628682e+10,3.77934506198228e+01,7.92188671449956e+01,5.52690814698576e+01,-1.43295242586571e+02
7.94328234724271e+10,3.75883274623606e+01,7.86155113225507e+01,5.49745547891919e+01,-1.44574802324072e+02
8.12830516164089e+10,3.73819907246956e+01,7.80032784669344e+01,5.46765347506150e+01,-1.45865133322607e+02
8.31763771102660e+10,3.71743741849280e+01,7.73820633633146e+01,5.43749465345294e+01,-1.47166008103703e+02
8.51138038202365e+10,3.69654100837540e+01,7.67517833133851e+01,5.40697161794583e+01,-1.48477174086278e+02
8.70963589956069e+10,3.67550293181106e+01,7.61123790904889e+01,5.37607708025154e+01,-1.49798353543176e+02
8.91250938133734e+10,3.65431616493071e+01,7.54638158133914e+01,5.34480388242417e+01,-1.51129243651619e+02
9.12010839355898e+10,3.63297359247540e+01,7.48060837283487e+01,5.31314501967752e+01,-1.52469516642054e+02
9.33254300796979e+10,3.61146803122190e+01,7.41391988895733e+01,5.28109366342272e+01,-1.53818820049327e+02
9.54992586021423e+10,3.58979225453626e+01,7.34632037288138e+01,5.24864318440549e+01,-1.55176777069498e+02
9.77237220955798e+10,3.56793901791346e+01,7.27781675055273e+01,5.21578717581432e+01,-1.56542987024928e+02
9.99999999999987e+10,3.54590108534603e+01,7.20841866300240e+01,5.18251947622431e+01,-1.57917025939468e+02
1.02329299228074e+11,3.52367125634984e+01,7.13813848530046e+01,5.14883419223580e+01,-1.59298447224788e+02
1.04712854805089e+11,3.50124239346333e+01,7.06699133160712e+01,5.11472572066290e+01,-1.60686782477953e+02
1.07151930523759e+11,3.47860745002580e+01,6.99499504590557e+01,5.08018877012424e+01,-1.62081542389420e+02
1.09647819614317e+11,3.45575949803247e+01,6.92217017813722e+01,5.04521838188710e+01,-1.63482217759681e+02
1.12201845430195e+11,3.43269175585817e+01,6.84853994560228e+01,5.00980994981673e+01,-1.64888280621718e+02
1.14815362149687e+11,3.40939761563869e+01,6.77413017963646e+01,4.97395923928486e+01,-1.66299185465476e+02
1.17489755493951e+11,3.38587067009837e+01,6.69896925772472e+01,4.93766240489545e+01,-1.67714370559522e+02
1.20226443461740e+11,3.36210473861487e+01,6.62308802136380e+01,4.90091600689175e+01,-1.69133259364072e+02
1.23026877081236e+11,3.33809389231728e+01,6.54651968013320e+01,4.86371702611623e+01,-1.70555262028606e+02
1.25892541179415e+11,3.31383247802160e+01,6.46929970257853e+01,4.82606287740461e+01,-1.71979776966413e+02
1.28824955169312e+11,3.28931514081792e+01,6.39146569464796e+01,4.78795142130589e+01,-1.73406192497531e+02
1.31825673855639e+11,3.26453684513657e+01,6.31305726655054e+01,4.74938097403329e+01,-1.74833888550816e+02
1.34896288259164e+11,3.23949289413573e+01,6.23411588902181e+01,4.71035031556465e+01,-1.76262238415197e+02
1.38038426460287e+11,3.21417894726968e+01,6.15468474008620e+01,4.67085869582615e+01,-1.77690610529619e+02
1.41253754462273e+11,3.18859103591611e+01,6.07480854349517e+01,4.63090583890934e+01,-1.79118370300722e+02
