Freq.	V(mid)	V(out)
1.00000000000000e+06,5.74745949103317e+01,1.79991864792135e+02,8.00009564226422e+01,-8.29630428032605e-03
1.02329299228075e+06,5.74745949065248e+01,1.79991675298803e+02,8.00009564188339e+01,-8.48955002955780e-03
1.04712854805090e+06,5.74745949025385e+01,1.79991481391605e+02,8.00009564148461e+01,-8.68729705036816e-03
1.07151930523761e+06,5.74745948983643e+01,1.79991282967728e+02,8.00009564106704e+01,-8.88965019082934e-03
1.09647819614319e+06,5.74745948939934e+01,1.79991079921966e+02,8.00009564062979e+01,-9.09671674123806e-03
1.12201845430196e+06,5.74745948894165e+01,1.79990872146660e+02,8.00009564017194e+01,-9.30860649100215e-03
1.14815362149688e+06,5.74745948846239e+01,1.79990659531646e+02,8.00009563969250e+01,-9.52543178685231e-03
1.17489755493953e+06,5.74745948796054e+01,1.79990441964192e+02,8.00009563919047e+01,-9.74730759240974e-03
1.20226443461741e+06,5.74745948743505e+01,1.79990219328941e+02,8.00009563866478e+01,-9.97435154914122e-03
1.23026877081238e+06,5.74745948688478e+01,1.79989991507850e+02,8.00009563811432e+01,-1.02066840387341e-02
1.25892541179417e+06,5.74745948630859e+01,1.79989758380124e+02,8.00009563753791e+01,-1.04444282469243e-02
1.28824955169313e+06,5.74745948570523e+01,1.79989519822156e+02,8.00009563693434e+01,-1.06877102288105e-02
1.31825673855641e+06,5.74745948507345e+01,1.79989275707459e+02,8.00009563630232e+01,-1.09366589756905e-02
1.34896288259165e+06,5.74745948441188e+01,1.79989025906601e+02,8.00009563564051e+01,-1.11914064834539e-02
1.38038426460288e+06,5.74745948371914e+01,1.79988770287134e+02,8.00009563494752e+01,-1.14520878225676e-02
1.41253754462275e+06,5.74745948299376e+01,1.79988508713525e+02,8.00009563422187e+01,-1.17188412096921e-02
1.44543977074593e+06,5.74745948223418e+01,1.79988241047085e+02,8.00009563346201e+01,-1.19918080809658e-02
1.47910838816821e+06,5.74745948143881e+01,1.79987967145892e+02,8.00009563266635e+01,-1.22711331669956e-02
1.51356124843621e+06,5.74745948060595e+01,1.79987686864722e+02,8.00009563183319e+01,-1.25569645695951e-02
1.54881661891248e+06,5.74745947973384e+01,1.79987400054965e+02,8.00009563096076e+01,-1.28494538403101e-02
1.58489319246111e+06,5.74745947882063e+01,1.79987106564551e+02,8.00009563004721e+01,-1.31487560607725e-02
1.62181009735893e+06,5.74745947786438e+01,1.79986806237868e+02,8.00009562909062e+01,-1.34550299249270e-02
1.65958690743756e+06,5.74745947686307e+01,1.79986498915678e+02,8.00009562808894e+01,-1.37684378231721e-02
1.69824365246174e+06,5.74745947581456e+01,1.79986184435036e+02,8.00009562704005e+01,-1.40891459284612e-02
1.73780082874937e+06,5.74745947471664e+01,1.79985862629199e+02,8.00009562594172e+01,-1.44173242844100e-02
1.77827941003892e+06,5.74745947356698e+01,1.79985533327543e+02,8.00009562479164e+01,-1.47531468954549e-02
1.81970085860998e+06,5.74745947236313e+01,1.79985196355466e+02,8.00009562358735e+01,-1.50967918191125e-02
1.86208713666287e+06,5.74745947110255e+01,1.79984851534302e+02,8.00009562232631e+01,-1.54484412603877e-02
1.90546071796325e+06,5.74745946978256e+01,1.79984498681223e+02,8.00009562100584e+01,-1.58082816683805e-02
1.94984459975804e+06,5.74745946840036e+01,1.79984137609140e+02,8.00009561962313e+01,-1.61765038351436e-02
1.99526231496888e+06,5.74745946695302e+01,1.79983768126609e+02,8.00009561817526e+01,-1.65533029968426e-02
2.04173794466953e+06,5.74745946543747e+01,1.79983390037726e+02,8.00009561665915e+01,-1.69388789372718e-02
2.08929613085404e+06,5.74745946385049e+01,1.79983003142023e+02,8.00009561507160e+01,-1.73334360937822e-02
2.13796208950223e+06,5.74745946218872e+01,1.79982607234363e+02,8.00009561340922e+01,-1.77371836656760e-02
2.18776162394955e+06,5.74745946044864e+01,1.79982202104830e+02,8.00009561166850e+01,-1.81503357251263e-02
2.23872113856834e+06,5.74745945862654e+01,1.79981787538619e+02,8.00009560984574e+01,-1.85731113306807e-02
2.29086765276777e+06,5.74745945671858e+01,1.79981363315923e+02,8.00009560793707e+01,-1.90057346434078e-02
2.34422881531992e+06,5.74745945472069e+01,1.79980929211813e+02,8.00009560593845e+01,-1.94484350457501e-02
2.39883291901949e+06,5.74745945262865e+01,1.79980484996121e+02,8.00009560384565e+01,-1.99014472631445e-02
2.45470891568503e+06,5.74745945043801e+01,1.79980030433318e+02,8.00009560165421e+01,-2.03650114884763e-02
2.51188643150958e+06,5.74745944814413e+01,1.79979565282390e+02,8.00009559935949e+01,-2.08393735094314e-02
2.57039578276886e+06,5.74745944574214e+01,1.79979089296707e+02,8.00009559695662e+01,-2.13247848388155e-02
2.63026799189538e+06,5.74745944322695e+01,1.79978602223897e+02,8.00009559444051e+01,-2.18215028479084e-02
2.69153480392691e+06,5.74745944059323e+01,1.79978103805705e+02,8.00009559180582e+01,-2.23297909029245e-02
2.75422870333816e+06,5.74745943783537e+01,1.79977593777866e+02,8.00009558904696e+01,-2.28499185046519e-02
2.81838293126445e+06,5.74745943494755e+01,1.79977071869956e+02,8.00009558615808e+01,-2.33821614313439e-02
2.88403150312660e+06,5.74745943192363e+01,1.79976537805251e+02,8.00009558313305e+01,-2.39268018849393e-02
2.95120922666638e+06,5.74745942875719e+01,1.79975991300586e+02,8.00009557996546e+01,-2.44841286406876e-02
3.01995172040201e+06,5.74745942544153e+01,1.79975432066196e+02,8.00009557664858e+01,-2.50544372002603e-02
3.09029543251359e+06,5.74745942196960e+01,1.79974859805568e+02,8.00009557317538e+01,-2.56380299484279e-02
3.16227766016838e+06,5.74745941833404e+01,1.79974274215281e+02,8.00009556953849e+01,-2.62352163133867e-02
3.23593656929628e+06,5.74745941452715e+01,1.79973674984850e+02,8.00009556573021e+01,-2.68463129308196e-02
3.31131121482591e+06,5.74745941054084e+01,1.79973061796555e+02,8.00009556174244e+01,-2.74716438117785e-02
3.38844156139202e+06,5.74745940636667e+01,1.79972434325274e+02,8.00009555756674e+01,-2.81115405144773e-02
3.46736850452531e+06,5.74745940199577e+01,1.79971792238316e+02,8.00009555319424e+01,-2.87663423200856e-02
3.54813389233575e+06,5.74745939741888e+01,1.79971135195238e+02,8.00009554861568e+01,-2.94363964126181e-02
3.63078054770101e+06,5.74745939262628e+01,1.79970462847668e+02,8.00009554382133e+01,-3.01220580630130e-02
3.71535229097172e+06,5.74745938760782e+01,1.79969774839118e+02,8.00009553880103e+01,-3.08236908174984e-02
3.80189396320561e+06,5.74745938235285e+01,1.79969070804798e+02,8.00009553354413e+01,-3.15416666903466e-02
3.89045144994280e+06,5.74745937685021e+01,1.79968350371421e+02,8.00009552803948e+01,-3.22763663611175e-02
3.98107170553497e+06,5.74745937108825e+01,1.79967613157004e+02,8.00009552227541e+01,-3.30281793764960e-02
4.07380277804112e+06,5.74745936505473e+01,1.79966858770667e+02,8.00009551623968e+01,-3.37975043568315e-02
4.16869383470335e+06,5.74745935873686e+01,1.79966086812425e+02,8.00009550991950e+01,-3.45847492074870e-02
4.26579518801592e+06,5.74745935212124e+01,1.79965296872978e+02,8.00009550330146e+01,-3.53903313351122e-02
4.36515832240165e+06,5.74745934519383e+01,1.79964488533488e+02,8.00009549637152e+01,-3.62146778689526e-02
4.46683592150962e+06,5.74745933793995e+01,1.79963661365367e+02,8.00009548911498e+01,-3.70582258873145e-02
4.57088189614874e+06,5.74745933034420e+01,1.79962814930038e+02,8.00009548151645e+01,-3.79214226493039e-02
4.67735141287197e+06,5.74745932239047e+01,1.79961948778713e+02,8.00009547355982e+01,-3.88047258319639e-02
4.78630092322638e+06,5.74745931406190e+01,1.79961062452148e+02,8.00009546522820e+01,-3.97086037729344e-02
4.89778819368445e+06,5.74745930534081e+01,1.79960155480402e+02,8.00009545650392e+01,-4.06335357187642e-02
5.01187233627271e+06,5.74745929620872e+01,1.79959227382588e+02,8.00009544736848e+01,-4.15800120790072e-02
5.12861383991364e+06,5.74745928664624e+01,1.79958277666618e+02,8.00009543780250e+01,-4.25485346862361e-02
5.24807460249772e+06,5.74745927663309e+01,1.79957305828943e+02,8.00009542778569e+01,-4.35396170621122e-02
5.37031796370252e+06,5.74745926614804e+01,1.79956311354283e+02,8.00009541729681e+01,-4.45537846896530e-02
5.49540873857624e+06,5.74745925516884e+01,1.79955293715356e+02,8.00009540631359e+01,-4.55915752918406e-02
5.62341325190348e+06,5.74745924367221e+01,1.79954252372599e+02,8.00009539481276e+01,-4.66535391167193e-02
5.75439937337156e+06,5.74745923163377e+01,1.79953186773881e+02,8.00009538276990e+01,-4.77402392291339e-02
5.88843655355588e+06,5.74745921902796e+01,1.79952096354211e+02,8.00009537015949e+01,-4.88522518092623e-02
6.02559586074357e+06,5.74745920582807e+01,1.79950980535434e+02,8.00009535695476e+01,-4.99901664581013e-02
6.16595001861481e+06,5.74745919200608e+01,1.79949838725934e+02,8.00009534312772e+01,-5.11545865100680e-02
6.30957344480192e+06,5.74745917753268e+01,1.79948670320310e+02,8.00009532864903e+01,-5.23461293528808e-02
6.45654229034654e+06,5.74745916237718e+01,1.79947474699063e+02,8.00009531348798e+01,-5.35654267548918e-02
6.60693448007595e+06,5.74745914650742e+01,1.79946251228260e+02,8.00009529761241e+01,-5.48131252000416e-02
6.76082975391980e+06,5.74745912988973e+01,1.79944999259206e+02,8.00009528098864e+01,-5.60898862306172e-02
6.91830970918935e+06,5.74745911248889e+01,1.79943718128095e+02,8.00009526358143e+01,-5.73963867979905e-02
7.07945784384136e+06,5.74745909426796e+01,1.79942407155658e+02,8.00009524535384e+01,-5.87333196215274e-02
7.24435960074989e+06,5.74745907518832e+01,1.79941065646806e+02,8.00009522626721e+01,-6.01013935558550e-02
7.41310241300916e+06,5.74745905520947e+01,1.79939692890257e+02,8.00009520628106e+01,-6.15013339666823e-02
7.58577575029182e+06,5.74745903428906e+01,1.79938288158164e+02,8.00009518535298e+01,-6.29338831153742e-02
7.76247116628690e+06,5.74745901238269e+01,1.79936850705725e+02,8.00009516343861e+01,-6.43998005524817e-02
7.94328234724280e+06,5.74745898944391e+01,1.79935379770790e+02,8.00009514049143e+01,-6.58998635204368e-02
8.12830516164097e+06,5.74745896542407e+01,1.79933874573457e+02,8.00009511646280e+01,-6.74348673656267e-02
8.31763771102669e+06,5.74745894027220e+01,1.79932334315658e+02,8.00009509130173e+01,-6.90056259600639e-02
8.51138038202375e+06,5.74745891393496e+01,1.79930758180735e+02,8.00009506495485e+01,-7.06129721328769e-02
8.70963589956079e+06,5.74745888635649e+01,1.79929145333009e+02,8.00009503736629e+01,-7.22577581118496e-02
8.91250938133743e+06,5.74745885747829e+01,1.79927494917336e+02,8.00009500847752e+01,-7.39408559752440e-02
9.12010839355908e+06,5.74745882723910e+01,1.79925806058654e+02,8.00009497822727e+01,-7.56631581141437e-02
9.33254300796989e+06,5.74745879557479e+01,1.79924077861517e+02,8.00009494655137e+01,-7.74255777055660e-02
9.54992586021434e+06,5.74745876241818e+01,1.79922309409625e+02,8.00009491338264e+01,-7.92290491965903e-02
9.77237220955808e+06,5.74745872769896e+01,1.79920499765331e+02,8.00009487865071e+01,-8.10745287997617e-02
9.99999999999998e+06,5.74745869134347e+01,1.79918647969152e+02,8.00009484228191e+01,-8.29629950000306e-02
1.02329299228075e+07,5.74745865327461e+01,1.79916753039254e+02,8.00009480419912e+01,-8.48954490734971e-02
1.04712854805090e+07,5.74745861341161e+01,1.79914813970935e+02,8.00009476432154e+01,-8.68729156182360e-02
1.07151930523760e+07,5.74745857166994e+01,1.79912829736091e+02,8.00009472256459e+01,-8.88964430974824e-02
1.09647819614318e+07,5.74745852796104e+01,1.79910799282671e+02,8.00009467883970e+01,-9.09671043954649e-02
1.12201845430196e+07,5.74745848219222e+01,1.79908721534121e+02,8.00009463305413e+01,-9.30859973861842e-02
1.14815362149688e+07,5.74745843426637e+01,1.79906595388809e+02,8.00009458511075e+01,-9.52542455154327e-02
1.17489755493953e+07,5.74745838408187e+01,1.79904419719446e+02,8.00009453490788e+01,-9.74729983963697e-02
1.20226443461741e+07,5.74745833153224e+01,1.79902193372486e+02,8.00009448233902e+01,-9.97434324189614e-02
1.23026877081238e+07,5.74745827650603e+01,1.79899915167513e+02,8.00009442729268e+01,-1.02066751373614e-01
1.25892541179416e+07,5.74745821888652e+01,1.79897583896618e+02,8.00009436965209e+01,-1.04444187089323e-01
1.28824955169313e+07,5.74745815855150e+01,1.79895198323759e+02,8.00009430929500e+01,-1.06877000086688e-01
1.31825673855640e+07,5.74745809537299e+01,1.79892757184102e+02,8.00009424609337e+01,-1.09366480246123e-01
1.34896288259165e+07,5.74745802921697e+01,1.79890259183354e+02,8.00009417991314e+01,-1.11913947491633e-01
1.38038426460288e+07,5.74745795994313e+01,1.79887702997075e+02,8.00009411061395e+01,-1.14520752490498e-01
1.41253754462275e+07,5.74745788740453e+01,1.79885087269977e+02,8.00009403804881e+01,-1.17188277369265e-01
1.44543977074592e+07,5.74745781144729e+01,1.79882410615207e+02,8.00009396206378e+01,-1.19917936446389e-01
1.47910838816820e+07,5.74745773191032e+01,1.79879671613607e+02,8.00009388249771e+01,-1.22711176981943e-01
1.51356124843620e+07,5.74745764862491e+01,1.79876868812967e+02,8.00009379918181e+01,-1.25569479944778e-01
1.54881661891248e+07,5.74745756141438e+01,1.79874000727252e+02,8.00009371193938e+01,-1.28494360797541e-01
1.58489319246111e+07,5.74745747009377e+01,1.79871065835816e+02,8.00009362058536e+01,-1.31487370299963e-01
1.62181009735892e+07,5.74745737446938e+01,1.79868062582596e+02,8.00009352492597e+01,-1.34550095330857e-01
1.65958690743756e+07,5.74745727433837e+01,1.79864989375284e+02,8.00009342475832e+01,-1.37684159729234e-01
1.69824365246174e+07,5.74745716948835e+01,1.79861844584489e+02,8.00009331986994e+01,-1.40891225155014e-01
1.73780082874937e+07,5.74745705969693e+01,1.79858626542867e+02,8.00009321003835e+01,-1.44172991969754e-01
1.77827941003892e+07,5.74745694473123e+01,1.79855333544242e+02,8.00009309503058e+01,-1.47531200137887e-01
1.81970085860998e+07,5.74745682434740e+01,1.79851963842699e+02,8.00009297460270e+01,-1.50967630148930e-01
1.86208713666286e+07,5.74745669829008e+01,1.79848515651662e+02,8.00009284849926e+01,-1.54484103961159e-01
1.90546071796324e+07,5.74745656629191e+01,1.79844987142940e+02,8.00009271645279e+01,-1.58082485967234e-01
1.94984459975804e+07,5.74745642807290e+01,1.79841376445767e+02,8.00009257818321e+01,-1.61764683982315e-01
1.99526231496887e+07,5.74745628333987e+01,1.79837681645805e+02,8.00009243339722e+01,-1.65532650255148e-01
2.04173794466952e+07,5.74745613178584e+01,1.79833900784131e+02,8.00009228178773e+01,-1.69388382502696e-01
2.08929613085403e+07,5.74745597308934e+01,1.79830031856198e+02,8.00009212303317e+01,-1.73333924968835e-01
2.13796208950223e+07,5.74745580691377e+01,1.79826072810773e+02,8.00009195679679e+01,-1.77371369507681e-01
2.18776162394955e+07,5.74745563290666e+01,1.79822021548853e+02,8.00009178272601e+01,-1.81502856692129e-01
2.23872113856833e+07,5.74745545069891e+01,1.79817875922548e+02,8.00009160045159e+01,-1.85730576948167e-01
2.29086765276777e+07,5.74745525990406e+01,1.79813633733946e+02,8.00009140958693e+01,-1.90056771715593e-01
2.34422881531991e+07,5.74745506011742e+01,1.79809292733945e+02,8.00009120972718e+01,-1.94483734635721e-01
2.39883291901948e+07,5.74745485091522e+01,1.79804850621068e+02,8.00009100044843e+01,-1.99013812766711e-01
2.45470891568502e+07,5.74745463185373e+01,1.79800305040234e+02,8.00009078130679e+01,-2.03649407827177e-01
2.51188643150957e+07,5.74745440246831e+01,1.79795653581521e+02,8.00009055183743e+01,-2.08392977468703e-01
2.57039578276885e+07,5.74745416227242e+01,1.79790893778878e+02,8.00009031155365e+01,-2.13247036577958e-01
2.63026799189537e+07,5.74745391075658e+01,1.79786023108830e+02,8.00009005994578e+01,-2.18214158609091e-01
2.69153480392691e+07,5.74745364738732e+01,1.79781038989129e+02,8.00008979648016e+01,-2.23296976947096e-01
2.75422870333816e+07,5.74745337160603e+01,1.79775938777397e+02,8.00008952059795e+01,-2.28498186302885e-01
2.81838293126444e+07,5.74745308282775e+01,1.79770719769720e+02,8.00008923171400e+01,-2.33820544140785e-01
2.88403150312660e+07,5.74745278043997e+01,1.79765379199217e+02,8.00008892921558e+01,-2.39266872139217e-01
2.95120922666637e+07,5.74745246380132e+01,1.79759914234575e+02,8.00008861246107e+01,-2.44840057685327e-01
3.01995172040200e+07,5.74745213224019e+01,1.79754321978548e+02,8.00008828077862e+01,-2.50543055404350e-01
3.09029543251358e+07,5.74745178505334e+01,1.79748599466426e+02,8.00008793346474e+01,-2.56378888724516e-01
3.16227766016837e+07,5.74745142150438e+01,1.79742743664460e+02,8.00008756978274e+01,-2.62350651478310e-01
3.23593656929627e+07,5.74745104082220e+01,1.79736751468258e+02,8.00008718896128e+01,-2.68461509540942e-01
3.31131121482590e+07,5.74745064219939e+01,1.79730619701144e+02,8.00008679019260e+01,-2.74714702506866e-01
3.38844156139201e+07,5.74745022479045e+01,1.79724345112468e+02,8.00008637263092e+01,-2.81113545405247e-01
3.46736850452530e+07,5.74744978771006e+01,1.79717924375893e+02,8.00008593539060e+01,-2.87661430455264e-01
3.54813389233574e+07,5.74744933003117e+01,1.79711354087629e+02,8.00008547754425e+01,-2.94361828862169e-01
3.63078054770100e+07,5.74744885078306e+01,1.79704630764634e+02,8.00008499812077e+01,-3.01218292655045e-01
3.71535229097171e+07,5.74744834894925e+01,1.79697750842768e+02,8.00008449610333e+01,-3.08234456567224e-01
3.80189396320560e+07,5.74744782346535e+01,1.79690710674905e+02,8.00008397042716e+01,-3.15414039960344e-01
3.89045144994279e+07,5.74744727321684e+01,1.79683506529007e+02,8.00008341997730e+01,-3.22760848793062e-01
3.98107170553496e+07,5.74744669703666e+01,1.79676134586147e+02,8.00008284358629e+01,-3.30278777635430e-01
4.07380277804111e+07,5.74744609370276e+01,1.79668590938484e+02,8.00008224003162e+01,-3.37971811730011e-01
4.16869383470334e+07,5.74744546193551e+01,1.79660871587202e+02,8.00008160803320e+01,-3.45844029100782e-01
4.26579518801591e+07,5.74744480039496e+01,1.79652972440390e+02,8.00008094625058e+01,-3.53899602710950e-01
4.36515832240164e+07,5.74744410767804e+01,1.79644889310876e+02,8.00008025328019e+01,-3.62142802670781e-01
4.46683592150961e+07,5.74744338231556e+01,1.79636617914015e+02,8.00007952765228e+01,-3.70577998496603e-01
4.57088189614873e+07,5.74744262276908e+01,1.79628153865422e+02,8.00007876782788e+01,-3.79209661422154e-01
4.67735141287196e+07,5.74744182742771e+01,1.79619492678654e+02,8.00007797219548e+01,-3.88042366763471e-01
4.78630092322636e+07,5.74744099460460e+01,1.79610629762831e+02,8.00007713906763e+01,-3.97080796338553e-01
4.89778819368444e+07,5.74744012253346e+01,1.79601560420220e+02,8.00007626667737e+01,-4.06329740943041e-01
5.01187233627270e+07,5.74743920936473e+01,1.79592279843741e+02,8.00007535317450e+01,-4.15794102883210e-01
5.12861383991363e+07,5.74743825316174e+01,1.79582783114431e+02,8.00007439662162e+01,-4.25478898567564e-01
5.24807460249770e+07,5.74743725189654e+01,1.79573065198843e+02,8.00007339499003e+01,-4.35389261158391e-01
5.37031796370251e+07,5.74743620344562e+01,1.79563120946386e+02,8.00007234615546e+01,-4.45530443284631e-01
5.49540873857622e+07,5.74743510558543e+01,1.79552945086604e+02,8.00007124789354e+01,-4.55907819817451e-01
5.62341325190347e+07,5.74743395598765e+01,1.79542532226389e+02,8.00007009787510e+01,-4.66526890709972e-01
5.75439937337155e+07,5.74743275221424e+01,1.79531876847138e+02,8.00006889366120e+01,-4.77393283902586e-01
5.88843655355586e+07,5.74743149171230e+01,1.79520973301833e+02,8.00006763269801e+01,-4.88512758295360e-01
6.02559586074355e+07,5.74743017180864e+01,1.79509815812062e+02,8.00006631231136e+01,-4.99891206789045e-01
6.16595001861480e+07,5.74742878970411e+01,1.79498398464966e+02,8.00006492970108e+01,-5.11534659396255e-01
6.30957344480191e+07,5.74742734246769e+01,1.79486715210123e+02,8.00006348193508e+01,-5.23449286424377e-01
6.45654229034653e+07,5.74742582703027e+01,1.79474759856351e+02,8.00006196594311e+01,-5.35641401731861e-01
6.60693448007593e+07,5.74742424017813e+01,1.79462526068443e+02,8.00006037851029e+01,-5.48117466059515e-01
6.76082975391979e+07,5.74742257854613e+01,1.79450007363826e+02,8.00005871627025e+01,-5.60884090438523e-01
6.91830970918933e+07,5.74742083861061e+01,1.79437197109143e+02,8.00005697569803e+01,-5.73948039676882e-01
7.07945784384135e+07,5.74741901668190e+01,1.79424088516754e+02,8.00005515310261e+01,-5.87316235926030e-01
7.24435960074987e+07,5.74741710889649e+01,1.79410674641161e+02,8.00005324461907e+01,-6.00995762329464e-01
7.41310241300914e+07,5.74741511120886e+01,1.79396948375347e+02,8.00005124620041e+01,-6.14993866755170e-01
7.58577575029180e+07,5.74741301938292e+01,1.79382902447035e+02,8.00004915360898e+01,-6.29317965613735e-01
7.76247116628688e+07,5.74741082898301e+01,1.79368529414855e+02,8.00004696240751e+01,-6.43975647764056e-01
7.94328234724278e+07,5.74740853536451e+01,1.79353821664430e+02,8.00004466794968e+01,-6.58974678508580e-01
8.12830516164096e+07,5.74740613366404e+01,1.79338771404367e+02,8.00004226537031e+01,-6.74323003680063e-01
8.31763771102667e+07,5.74740361878907e+01,1.79323370662162e+02,8.00003974957503e+01,-6.90028753821863e-01
8.51138038202373e+07,5.74740098540724e+01,1.79307611280004e+02,8.00003711522952e+01,-7.06100248463845e-01
8.70963589956077e+07,5.74739822793498e+01,1.79291484910488e+02,8.00003435674815e+01,-7.22546000495973e-01
8.91250938133741e+07,5.74739534052574e+01,1.79274983012233e+02,8.00003146828225e+01,-7.39374720641747e-01
9.12010839355906e+07,5.74739231705757e+01,1.79258096845390e+02,8.00002844370762e+01,-7.56595322033665e-01
9.33254300796987e+07,5.74738915112020e+01,1.79240817467061e+02,8.00002527661164e+01,-7.74216924892918e-01
9.54992586021431e+07,5.74738583600142e+01,1.79223135726601e+02,8.00002196027965e+01,-7.92248861315591e-01
9.77237220955806e+07,5.74738236467290e+01,1.79205042260822e+02,8.00001848768075e+01,-8.10700680167675e-01
9.99999999999995e+07,5.74737872977531e+01,1.79186527489086e+02,8.00001485145290e+01,-8.29582152091214e-01
1.02329299228075e+08,5.74737492360274e+01,1.79167581608284e+02,8.00001104388738e+01,-8.48903274623993e-01
1.04712854805089e+08,5.74737093808637e+01,1.79148194587705e+02,8.00000705691241e+01,-8.68674277435179e-01
1.07151930523760e+08,5.74736676477742e+01,1.79128356163788e+02,8.00000288207612e+01,-8.88905627679389e-01
1.09647819614318e+08,5.74736239482926e+01,1.79108055834751e+02,7.99999851052864e+01,-9.09608035471675e-01
1.12201845430196e+08,5.74735781897871e+01,1.79087282855107e+02,7.99999393300339e+01,-9.30792459485999e-01
1.14815362149688e+08,5.74735302752640e+01,1.79066026230054e+02,7.99998913979747e+01,-9.52470112679756e-01
1.17489755493952e+08,5.74734801031631e+01,1.79044274709730e+02,7.99998412075110e+01,-9.74652468146999e-01
1.20226443461741e+08,5.74734275671422e+01,1.79022016783355e+02,7.99997886522621e+01,-9.97351265103006e-01
1.23026877081237e+08,5.74733725558530e+01,1.78999240673230e+02,7.99997336208386e+01,-1.02057851500291e+00
1.25892541179416e+08,5.74733149527051e+01,1.78975934328604e+02,7.99996759966075e+01,-1.04434650779713e+00
1.28824955169313e+08,5.74732546356196e+01,1.78952085419407e+02,7.99996156574452e+01,-1.06866781832640e+00
1.31825673855640e+08,5.74731914767712e+01,1.78927681329845e+02,7.99995524754796e+01,-1.09355531285911e+00
1.34896288259165e+08,5.74731253423179e+01,1.78902709151847e+02,7.99994863168196e+01,-1.11902215577403e+00
1.38038426460288e+08,5.74730560921183e+01,1.78877155678370e+02,7.99994170412725e+01,-1.14508181639100e+00
1.41253754462275e+08,5.74729835794355e+01,1.78851007396559e+02,7.99993445020476e+01,-1.17174807595279e+00
1.44543977074592e+08,5.74729076506270e+01,1.78824250480750e+02,7.99992685454460e+01,-1.19903503476083e+00
1.47910838816820e+08,5.74728281448203e+01,1.78796870785326e+02,7.99991890105364e+01,-1.22695711946797e+00
1.51356124843620e+08,5.74727448935732e+01,1.78768853837412e+02,7.99991057288149e+01,-1.25552909053112e+00
1.54881661891247e+08,5.74726577205183e+01,1.78740184829412e+02,7.99990185238493e+01,-1.28476604982691e+00
1.58489319246110e+08,5.74725664409908e+01,1.78710848611381e+02,7.99989272109072e+01,-1.31468344843332e+00
1.62181009735892e+08,5.74724708616385e+01,1.78680829683241e+02,7.99988315965656e+01,-1.34529709458038e+00
1.65958690743755e+08,5.74723707800143e+01,1.78650112186812e+02,7.99987314783031e+01,-1.37662316177294e+00
1.69824365246173e+08,5.74722659841491e+01,1.78618679897689e+02,7.99986266440729e+01,-1.40867819708879e+00
1.73780082874937e+08,5.74721562521049e+01,1.78586516216932e+02,7.99985168718555e+01,-1.44147912965487e+00
1.77827941003891e+08,5.74720413515068e+01,1.78553604162588e+02,7.99984019291909e+01,-1.47504327930505e+00
1.81970085860997e+08,5.74719210390535e+01,1.78519926361021e+02,7.99982815726887e+01,-1.50938836542223e+00
1.86208713666286e+08,5.74717950600051e+01,1.78485465038072e+02,7.99981555475153e+01,-1.54453251596806e+00
1.90546071796324e+08,5.74716631476457e+01,1.78450202010025e+02,7.99980235868572e+01,-1.58049427670319e+00
1.94984459975803e+08,5.74715250227231e+01,1.78414118674383e+02,7.99978854113596e+01,-1.61729262060119e+00
1.99526231496887e+08,5.74713803928602e+01,1.78377196000454e+02,7.99977407285383e+01,-1.65494695745910e+00
2.04173794466952e+08,5.74712289519406e+01,1.78339414519745e+02,7.99975892321643e+01,-1.69347714370759e+00
2.08929613085403e+08,5.74710703794643e+01,1.78300754316152e+02,7.99974306016202e+01,-1.73290349242362e+00
2.13796208950222e+08,5.74709043398746e+01,1.78261195015952e+02,7.99972645012259e+01,-1.77324678354857e+00
2.18776162394954e+08,5.74707304818527e+01,1.78220715777594e+02,7.99970905795339e+01,-1.81452827431455e+00
2.23872113856833e+08,5.74705484375800e+01,1.78179295281283e+02,7.99969084685904e+01,-1.85676970988170e+00
2.29086765276776e+08,5.74703578219662e+01,1.78136911718352e+02,7.99967177831636e+01,-1.89999333418909e+00
2.34422881531991e+08,5.74701582318410e+01,1.78093542780425e+02,7.99965181199353e+01,-1.94422190102178e+00
2.39883291901947e+08,5.74699492451089e+01,1.78049165648371e+02,7.99963090566550e+01,-1.98947868529652e+00
2.45470891568501e+08,5.74697304198647e+01,1.78003756981037e+02,7.99960901512549e+01,-2.03578749456836e+00
2.51188643150956e+08,5.74695012934675e+01,1.77957292903766e+02,7.99958609409241e+01,-2.08317268076039e+00
2.57039578276885e+08,5.74692613815725e+01,1.77909748996694e+02,7.99956209411398e+01,-2.13165915211858e+00
2.63026799189536e+08,5.74690101771174e+01,1.77861100282830e+02,7.99953696446534e+01,-2.18127238539367e+00
2.69153480392690e+08,5.74687471492626e+01,1.77811321215906e+02,7.99951065204300e+01,-2.23203843825156e+00
2.75422870333815e+08,5.74684717422820e+01,1.77760385668011e+02,7.99948310125390e+01,-2.28398396191391e+00
2.81838293126444e+08,5.74681833744026e+01,1.77708266916998e+02,7.99945425389936e+01,-2.33713621402991e+00
2.88403150312659e+08,5.74678814365911e+01,1.77654937633659e+02,7.99942404905360e+01,-2.39152307178021e+00
2.95120922666637e+08,5.74675652912838e+01,1.77600369868682e+02,7.99939242293682e+01,-2.44717304521376e+00
3.01995172040200e+08,5.74672342710592e+01,1.77544535039381e+02,7.99935930878228e+01,-2.50411529081777e+00
3.09029543251357e+08,5.74668876772488e+01,1.77487403916189e+02,7.99932463669737e+01,-2.56237962532077e+00
3.16227766016836e+08,5.74665247784840e+01,1.77428946608943e+02,7.99928833351833e+01,-2.62199653972844e+00
3.23593656929626e+08,5.74661448091778e+01,1.77369132552927e+02,7.99925032265820e+01,-2.68299721359138e+00
3.31131121482589e+08,5.74657469679351e+01,1.77307930494705e+02,7.99921052394795e+01,-2.74541352950342e+00
3.38844156139200e+08,5.74653304158921e+01,1.77245308477725e+02,7.99916885347026e+01,-2.80927808782897e+00
3.46736850452529e+08,5.74648942749787e+01,1.77181233827705e+02,7.99912522338572e+01,-2.87462422165684e+00
3.54813389233573e+08,5.74644376261028e+01,1.77115673137809e+02,7.99907954175119e+01,-2.94148601197783e+00
3.63078054770099e+08,5.74639595072512e+01,1.77048592253602e+02,7.99903171232983e+01,-3.00989830308258e+00
3.71535229097170e+08,5.74634589115045e+01,1.76979956257805e+02,7.99898163439250e+01,-3.07989671817539e+00
3.80189396320559e+08,5.74629347849625e+01,1.76909729454842e+02,7.99892920251025e+01,-3.15151767519923e+00
3.89045144994278e+08,5.74623860245757e+01,1.76837875355196e+02,7.99887430633732e+01,-3.22479840286610e+00
3.98107170553495e+08,5.74618114758782e+01,1.76764356659567e+02,7.99881683038442e+01,-3.29977695688633e+00
4.07380277804110e+08,5.74612099306192e+01,1.76689135242856e+02,7.99875665378176e+01,-3.37649223638908e+00
4.16869383470333e+08,5.74605801242884e+01,1.76612172137972e+02,7.99869365003148e+01,-3.45498400052581e+00
4.26579518801590e+08,5.74599207335296e+01,1.76533427519471e+02,7.99862768674891e+01,-3.53529288524693e+00
4.36515832240163e+08,5.74592303734391e+01,1.76452860687053e+02,7.99855862539234e+01,-3.61746042024102e+00
4.46683592150960e+08,5.74585075947436e+01,1.76370430048907e+02,7.99848632098070e+01,-3.70152904602453e+00
4.57088189614872e+08,5.74577508808529e+01,1.76286093104935e+02,7.99841062179864e+01,-3.78754213116883e+00
4.67735141287195e+08,5.74569586447812e+01,1.76199806429865e+02,7.99833136908864e+01,-3.87554398964954e+00
4.78630092322635e+08,5.74561292259328e+01,1.76111525656264e+02,7.99824839672939e+01,-3.96557989830215e+00
4.89778819368443e+08,5.74552608867458e+01,1.76021205457479e+02,7.99816153090008e+01,-4.05769611436576e+00
5.01187233627269e+08,5.74543518091890e+01,1.75928799530515e+02,7.99807058972989e+01,-4.15193989309523e+00
5.12861383991361e+08,5.74534000911047e+01,1.75834260578884e+02,7.99797538293217e+01,-4.24835950542024e+00
5.24807460249769e+08,5.74524037423922e+01,1.75737540295438e+02,7.99787571142265e+01,-4.34700425562733e+00
5.37031796370249e+08,5.74513606810260e+01,1.75638589345216e+02,7.99777136692104e+01,-4.44792449903931e+00
5.49540873857621e+08,5.74502687289012e+01,1.75537357348343e+02,7.99766213153549e+01,-4.55117165966374e+00
5.62341325190345e+08,5.74491256075000e+01,1.75433792862989e+02,7.99754777732901e+01,-4.65679824777980e+00
5.75439937337153e+08,5.74479289333728e+01,1.75327843368449e+02,7.99742806586741e+01,-4.76485787743029e+00
5.88843655355585e+08,5.74466762134264e+01,1.75219455248358e+02,7.99730274774793e+01,-4.87540528378262e+00
6.02559586074353e+08,5.74453648400113e+01,1.75108573774095e+02,7.99717156210779e+01,-4.98849634031954e+00
6.16595001861478e+08,5.74439920858032e+01,1.74995143088414e+02,7.99703423611212e+01,-5.10418807581738e+00
6.30957344480189e+08,5.74425550984680e+01,1.74879106189340e+02,7.99689048442022e+01,-5.22253869106594e+00
6.45654229034651e+08,5.74410508951053e+01,1.74760404914396e+02,7.99674000862972e+01,-5.34360757528057e+00
6.60693448007591e+08,5.74394763564609e+01,1.74638979925202e+02,7.99658249669758e+01,-5.46745532215330e+00
6.76082975391977e+08,5.74378282209012e+01,1.74514770692507e+02,7.99641762233727e+01,-5.59414374548558e+00
6.91830970918931e+08,5.74361030781412e+01,1.74387715481717e+02,7.99624504439133e+01,-5.72373589434086e+00
7.07945784384133e+08,5.74342973627179e+01,1.74257751338986e+02,7.99606440617839e+01,-5.85629606765087e+00
7.24435960074985e+08,5.74324073472008e+01,1.74124814077941e+02,7.99587533481400e+01,-5.99188982820429e+00
7.41310241300912e+08,5.74304291351320e+01,1.73988838267117e+02,7.99567744050428e+01,-6.13058401594143e+00
7.58577575029178e+08,5.74283586536861e+01,1.73849757218182e+02,7.99547031581163e+01,-6.27244676047340e+00
7.76247116628686e+08,5.74261916460433e+01,1.73707502975047e+02,7.99525353489172e+01,-6.41754749273789e+00
7.94328234724276e+08,5.74239236634666e+01,1.73562006303951e+02,7.99502665270080e+01,-6.56595695569830e+00
8.12830516164093e+08,5.74215500570748e+01,1.73413196684614e+02,7.99478920417273e+01,-6.71774721398610e+00
8.31763771102665e+08,5.74190659693036e+01,1.73261002302580e+02,7.99454070336468e+01,-6.87299166237982e+00
8.51138038202370e+08,5.74164663250479e+01,1.73105350042852e+02,7.99428064257091e+01,-7.03176503300685e+00
8.70963589956074e+08,5.74137458224752e+01,1.72946165484943e+02,7.99400849140376e+01,-7.19414340114721e+00
8.91250938133739e+08,5.74108989235054e+01,1.72783372899480e+02,7.99372369584120e+01,-7.36020418951021e+00
9.12010839355903e+08,5.74079198439490e+01,1.72616895246490e+02,7.99342567724014e+01,-7.53002617084722e+00
9.33254300796984e+08,5.74048025432966e+01,1.72446654175507e+02,7.99311383131496e+01,-7.70368946875525e+00
9.54992586021429e+08,5.74015407141548e+01,1.72272570027681e+02,7.99278752708055e+01,-7.88127555651702e+00
9.77237220955803e+08,5.73981277713218e+01,1.72094561840020e+02,7.99244610575942e+01,-8.06286725381449e+00
9.99999999999992e+08,5.73945568404997e+01,1.71912547351963e+02,7.99208887965231e+01,-8.24854872114288e+00
1.02329299228075e+09,5.73908207466375e+01,1.71726443014453e+02,7.99171513097197e+01,-8.43840545174276e+00
1.04712854805089e+09,5.73869120019036e+01,1.71536164001711e+02,7.99132411063977e+01,-8.63252426085750e+00
1.07151930523760e+09,5.73828227932846e+01,1.71341624225912e+02,7.99091503704500e+01,-8.83099327211283e+00
1.09647819614318e+09,5.73785449698101e+01,1.71142736354973e+02,7.99048709476666e+01,-9.03390190080499e+00
1.12201845430195e+09,5.73740700294040e+01,1.70939411833686e+02,7.99003943325791e+01,-9.24134083387238e+00
1.14815362149687e+09,5.73693891053643e+01,1.70731560908430e+02,7.98957116549335e+01,-9.45340200631509e+00
1.17489755493952e+09,5.73644929524746e+01,1.70519092655706e+02,7.98908136657937e+01,-9.67017857381496e+00
1.20226443461740e+09,5.73593719327531e+01,1.70301915014756e+02,7.98856907232831e+01,-9.89176488129770e+00
1.23026877081237e+09,5.73540160008471e+01,1.70079934824541e+02,7.98803327779707e+01,-1.01182564271668e+01
1.25892541179416e+09,5.73484146890810e+01,1.69853057865357e+02,7.98747293579103e+01,-1.03497498229277e+01
1.28824955169312e+09,5.73425570921721e+01,1.69621188905376e+02,7.98688695533474e+01,-1.05863427479102e+01
1.31825673855640e+09,5.73364318516276e+01,1.69384231752430e+02,7.98627420011065e+01,-1.08281338987832e+01
1.34896288259164e+09,5.73300271398405e+01,1.69142089311345e+02,7.98563348686775e+01,-1.10752229335494e+01
1.38038426460287e+09,5.73233306439063e+01,1.68894663647149e+02,7.98496358380215e+01,-1.13277104096927e+01
1.41253754462274e+09,5.73163295491844e+01,1.68641856054494e+02,7.98426320891217e+01,-1.15856977161449e+01
1.44543977074592e+09,5.73090105226318e+01,1.68383567133640e+02,7.98353102833053e+01,-1.18492869987255e+01
1.47910838816820e+09,5.73013596959426e+01,1.68119696873348e+02,7.98276565463716e+01,-1.21185810787050e+01
1.51356124843620e+09,5.72933626485286e+01,1.67850144741037e+02,7.98196564515596e+01,-1.23936833641293e+01
1.54881661891247e+09,5.72850043903832e+01,1.67574809780594e+02,7.98112950023992e+01,-1.26746977535416e+01
1.58489319246110e+09,5.72762693448749e+01,1.67293590718178e+02,7.98025566154904e+01,-1.29617285317313e+01
1.62181009735892e+09,5.72671413315209e+01,1.67006386076413e+02,7.97934251032634e+01,-1.32548802571375e+01
1.65958690743755e+09,5.72576035488002e+01,1.66713094297333e+02,7.97838836567759e+01,-1.35542576405341e+01
1.69824365246173e+09,5.72476385570672e+01,1.66413613874461e+02,7.97739148286116e+01,-1.38599654146249e+01
1.73780082874936e+09,5.72372282616381e+01,1.66107843494373e+02,7.97635005159493e+01,-1.41721081941822e+01
1.77827941003891e+09,5.72263538961244e+01,1.65795682188128e+02,7.97526219438800e+01,-1.44907903263687e+01
1.81970085860997e+09,5.72149960060980e+01,1.65477029492903e+02,7.97412596490536e+01,-1.48161157308930e+01
1.86208713666285e+09,5.72031344331793e+01,1.65151785624161e+02,7.97293934637480e+01,-1.51481877296655e+01
1.90546071796323e+09,5.71907482996453e+01,1.64819851658691e+02,7.97170025004573e+01,-1.54871088656363e+01
1.94984459975803e+09,5.71778159936655e+01,1.64481129728797e+02,7.97040651371071e+01,-1.58329807105218e+01
1.99526231496886e+09,5.71643151552786e+01,1.64135523227908e+02,7.96905590030097e+01,-1.61859036611553e+01
2.04173794466951e+09,5.71502226632341e+01,1.63782937027842e+02,7.96764609656826e+01,-1.65459767242266e+01
2.08929613085402e+09,5.71355146228286e+01,1.63423277707927e+02,7.96617471186611e+01,-1.69132972892182e+01
2.13796208950221e+09,5.71201663548769e+01,1.63056453796114e+02,7.96463927704443e+01,-1.72879608893876e+01
2.18776162394953e+09,5.71041523859654e+01,1.62682376022198e+02,7.96303724347229e+01,-1.76700609506995e+01
2.23872113856832e+09,5.70874464401448e+01,1.62300957583175e+02,7.96136598220441e+01,-1.80596885286681e+01
2.29086765276775e+09,5.70700214322250e+01,1.61912114420708e+02,7.95962278330777e+01,-1.84569320331374e+01
2.34422881531990e+09,5.70518494628453e+01,1.61515765510610e+02,7.95780485536570e+01,-1.88618769411004e+01
2.39883291901947e+09,5.70329018154995e+01,1.61111833164162e+02,7.95590932517720e+01,-1.92746054977408e+01
2.45470891568501e+09,5.70131489557013e+01,1.60700243340983e+02,7.95393323767019e+01,-1.96951964059702e+01
2.51188643150956e+09,5.69925605324832e+01,1.60280925973088e+02,7.95187355604797e+01,-2.01237245048338e+01
2.57039578276884e+09,5.69711053824255e+01,1.59853815299662e+02,7.94972716218855e+01,-2.05602604372638e+01
2.63026799189536e+09,5.69487515364187e+01,1.59418850211940e+02,7.94749085731704e+01,-2.10048703077769e+01
2.69153480392689e+09,5.69254662293623e+01,1.58975974607486e+02,7.94516136297167e+01,-2.14576153308367e+01
2.75422870333814e+09,5.69012159130076e+01,1.58525137753020e+02,7.94273532228384e+01,-2.19185514707328e+01
2.81838293126443e+09,5.68759662721492e+01,1.58066294654782e+02,7.94020930159301e+01,-2.23877290739732e+01
2.88403150312658e+09,5.68496822443714e+01,1.57599406435326e+02,7.93757979241676e+01,-2.28651924953289e+01
2.95120922666636e+09,5.68223280435472e+01,1.57124440715410e+02,7.93484321379597e+01,-2.33509797188291e+01
3.01995172040199e+09,5.67938671872857e+01,1.56641371999562e+02,7.93199591503457e+01,-2.38451219751612e+01
3.09029543251356e+09,5.67642625285125e+01,1.56150182063678e+02,7.92903417885238e+01,-2.43476433570971e+01
3.16227766016835e+09,5.67334762913565e+01,1.55650860342889e+02,7.92595422496831e+01,-2.48585604347314e+01
3.23593656929625e+09,5.67014701115027e+01,1.55143404317719e+02,7.92275221412996e+01,-2.53778818724874e+01
3.31131121482588e+09,5.66682050811537e+01,1.54627819896438e+02,7.91942425260380e+01,-2.59056080500131e+01
3.38844156139199e+09,5.66336417987202e+01,1.54104121791301e+02,7.91596639713792e+01,-2.64417306892539e+01
3.46736850452528e+09,5.65977404233399e+01,1.53572333886254e+02,7.91237466040740e+01,-2.69862324901493e+01
3.54813389233572e+09,5.65604607342939e+01,1.53032489593485e+02,7.90864501694908e+01,-2.75390867775495e+01
3.63078054770098e+09,5.65217621953614e+01,1.52484632196100e+02,7.90477340958982e+01,-2.81002571620921e+01
3.71535229097169e+09,5.64816040241177e+01,1.51928815174060e+02,7.90075575636879e+01,-2.86696972179029e+01
3.80189396320557e+09,5.64399452661443e+01,1.51365102510395e+02,7.89658795795066e+01,-2.92473501800961e+01
3.89045144994277e+09,5.63967448740797e+01,1.50793568974646e+02,7.89226590552228e+01,-2.98331486651387e+01
3.98107170553493e+09,5.63519617913921e+01,1.50214300380396e+02,7.88778548916151e+01,-3.04270144172106e+01
4.07380277804109e+09,5.63055550407157e+01,1.49627393813721e+02,7.88314260666163e+01,-3.10288580837298e+01
4.16869383470331e+09,5.62574838165360e+01,1.49032957829392e+02,7.87833317279051e+01,-3.16385790232238e+01
4.26579518801588e+09,5.62077075819642e+01,1.48431112611672e+02,7.87335312895807e+01,-3.22560651487010e+01
4.36515832240162e+09,5.61561861692861e+01,1.47821990096599e+02,7.86819845326086e+01,-3.28811928096194e+01
4.46683592150959e+09,5.61028798839193e+01,1.47205734052789e+02,7.86286517086683e+01,-3.35138267154492e+01
4.57088189614870e+09,5.60477496113578e+01,1.46582500117873e+02,7.85734936469846e+01,-3.41538199036866e+01
4.67735141287193e+09,5.59907569266322e+01,1.45952455787913e+02,7.85164718636685e+01,-3.48010137549974e+01
4.78630092322634e+09,5.59318642057619e+01,1.45315780357343e+02,7.84575486730447e+01,-3.54552380579414e+01
4.89778819368441e+09,5.58710347386265e+01,1.44672664807246e+02,7.83966873003923e+01,-3.61163111254612e+01
5.01187233627267e+09,5.58082328426387e+01,1.44023311640103e+02,7.83338519954809e+01,-3.67840399650119e+01
5.12861383991360e+09,5.57434239765585e+01,1.43367934659491e+02,7.82690081462416e+01,-3.74582205038494e+01
5.24807460249767e+09,5.56765748537519e+01,1.42706758693607e+02,7.82021223918757e+01,-3.81386378706087e+01
5.37031796370247e+09,5.56076535541671e+01,1.42040019261918e+02,7.81331627346743e+01,-3.88250667338724e+01
5.49540873857619e+09,5.55366296342754e+01,1.41367962184694e+02,7.80620986497945e+01,-3.95172716979699e+01
5.62341325190343e+09,5.54634742342097e+01,1.40690843135682e+02,7.79889011922258e+01,-4.02150077557597e+01
5.75439937337151e+09,5.53881601813214e+01,1.40008927138680e+02,7.79135431001667e+01,-4.09180207976374e+01
5.88843655355583e+09,5.53106620893795e+01,1.39322488009287e+02,7.78359988940360e+01,-4.16260481754869e+01
6.02559586074351e+09,5.52309564526439e+01,1.38631807743656e+02,7.77562449703474e+01,-4.23388193197609e+01
6.16595001861476e+09,5.51490217340625e+01,1.37937175856601e+02,7.76742596897010e+01,-4.30560564073409e+01
6.30957344480187e+09,5.50648384468720e+01,1.37238888671926e+02,7.75900234581667e+01,-4.37774750773045e+01
6.45654229034649e+09,5.49783892289180e+01,1.36537248568367e+02,7.75035188013785e+01,-4.45027851912171e+01
6.60693448007589e+09,5.48896589090589e+01,1.35832563185018e+02,7.74147304307004e+01,-4.52316916340820e+01
6.76082975391975e+09,5.47986345650724e+01,1.35125144590555e+02,7.73236453008852e+01,-4.59638951516297e+01
6.91830970918929e+09,5.47053055725494e+01,1.34415308420999e+02,7.72302526587078e+01,-4.66990932192199e+01
7.07945784384130e+09,5.46096636443311e+01,1.33703372991102e+02,7.71345440821301e+01,-4.74369809372638e+01
7.24435960074982e+09,5.45117028601217e+01,1.32989658384758e+02,7.70365135096297e+01,-4.81772519477705e+01
7.41310241300910e+09,5.44114196859981e+01,1.32274485530096e+02,7.69361572594096e+01,-4.89195993663715e+01
7.58577575029176e+09,5.43088129836187e+01,1.31558175265070e+02,7.68334740382962e+01,-4.96637167239985e+01
7.76247116628683e+09,5.42038840090314e+01,1.30841047399500e+02,7.67284649402191e+01,-5.04092989122756e+01
7.94328234724273e+09,5.40966364010678e+01,1.30123419779542e+02,7.66211334342642e+01,-5.11560431266431e+01
8.12830516164090e+09,5.39870761594082e+01,1.29405607360537e+02,7.65114853423795e+01,-5.19036498012649e+01
8.31763771102662e+09,5.38752116124886e+01,1.28687921294105e+02,7.63995288069072e+01,-5.26518235298663e+01
8.51138038202367e+09,5.37610533755121e+01,1.27970668035158e+02,7.62852742482028e+01,-5.34002739668221e+01
8.70963589956071e+09,5.36446142989122e+01,1.27254148474281e+02,7.61687343126873e+01,-5.41487167030496e+01
8.91250938133736e+09,5.35259094076926e+01,1.26538657100639e+02,7.60499238117565e+01,-5.48968741115575e+01
9.12010839355900e+09,5.34049558321415e+01,1.25824481200205e+02,7.59288596520453e+01,-5.56444761578544e+01
9.33254300796981e+09,5.32817727304860e+01,1.25111900093708e+02,7.58055607576106e+01,-5.63912611708225e+01
9.54992586021425e+09,5.31563812041056e+01,1.24401184418250e+02,7.56800479846516e+01,-5.71369765701055e+01
9.77237220955800e+09,5.30288042059762e+01,1.23692595456083e+02,7.55523440294372e+01,-5.78813795465378e+01
9.99999999999989e+09,5.28990664430517e+01,1.22986384513496e+02,7.54224733301469e+01,-5.86242376926461e+01
1.02329299228074e+10,5.27671942733225e+01,1.22282792352285e+02,7.52904619633644e+01,-5.93653295807733e+01
1.04712854805089e+10,5.26332155983092e+01,1.21582048675710e+02,7.51563375359781e+01,-6.01044452869088e+01
1.07151930523759e+10,5.24971597517594e+01,1.20884371670349e+02,7.50201290732592e+01,-6.08413868588365e+01
1.09647819614317e+10,5.23590573853190e+01,1.20189967604689e+02,7.48818669038838e+01,-6.15759687277370e+01
1.12201845430195e+10,5.22189403519395e+01,1.19499030484837e+02,7.47415825426621e+01,-6.23080180628913e+01
1.14815362149687e+10,5.20768415877697e+01,1.18811741767199e+02,7.45993085717191e+01,-6.30373750696196e+01
1.17489755493952e+10,5.19327949932534e+01,1.18128270127547e+02,7.44550785208496e+01,-6.37638932310543e+01
1.20226443461740e+10,5.17868353141293e+01,1.17448771285442e+02,7.43089267477398e+01,-6.44874394947716e+01
1.23026877081237e+10,5.16389980229884e+01,1.16773387882590e+02,7.41608883187114e+01,-6.52078944057052e+01
1.25892541179415e+10,5.14893192020074e+01,1.16102249413372e+02,7.40109988906024e+01,-6.59251521871173e+01
1.28824955169312e+10,5.13378354274277e+01,1.15435472205444e+02,7.38592945943558e+01,-6.66391207717168e+01
1.31825673855639e+10,5.11845836563049e+01,1.14773159448064e+02,7.37058119208360e+01,-6.73497217852841e+01
1.34896288259164e+10,5.10296011159989e+01,1.14115401265548e+02,7.35505876093435e+01,-6.80568904853897e+01
1.38038426460287e+10,5.08729251968255e+01,1.13462274833097e+02,7.33936585392459e+01,-6.87605756579768e+01
1.41253754462274e+10,5.07145933482355e+01,1.12813844532082e+02,7.32350616250892e+01,-6.94607394747168e+01
1.44543977074591e+10,5.05546429788363e+01,1.12170162141781e+02,7.30748337155014e+01,-7.01573573141500e+01
1.47910838816819e+10,5.03931113605150e+01,1.11531267064492e+02,7.29130114961483e+01,-7.08504175496794e+01
1.51356124843619e+10,5.02300355368766e+01,1.10897186580938e+02,7.27496313969478e+01,-7.15399213075133e+01
1.54881661891246e+10,5.00654522361563e+01,1.10267936132879e+02,7.25847295037044e+01,-7.22258821976389e+01
1.58489319246109e+10,4.98993977887234e+01,1.09643519629880e+02,7.24183414742752e+01,-7.29083260208702e+01
1.62181009735891e+10,4.97319080492459e+01,1.09023929777279e+02,7.22505024593355e+01,-7.35872904549431e+01
1.65958690743754e+10,4.95630183235472e+01,1.08409148422453e+02,7.20812470277727e+01,-7.42628247225374e+01
1.69824365246172e+10,4.93927633001486e+01,1.07799146916635e+02,7.19106090966985e+01,-7.49349892439935e+01
1.73780082874935e+10,4.92211769864532e+01,1.07193886489632e+02,7.17386218660331e+01,-7.56038552773554e+01
1.77827941003890e+10,4.90482926495024e+01,1.06593318634967e+02,7.15653177575887e+01,-7.62695045482288e+01
1.81970085860996e+10,4.88741427612033e+01,1.05997385503098e+02,7.13907283585471e+01,-7.69320288717828e+01
1.86208713666285e+10,4.86987589479038e+01,1.05406020300570e+02,7.12148843692066e+01,-7.75915297690585e+01
1.90546071796322e+10,4.85221719441728e+01,1.04819147693085e+02,7.10378155548502e+01,-7.82481180795721e+01
1.94984459975802e+10,4.83444115506240e+01,1.04236684210684e+02,7.08595507015705e+01,-7.89019135720281e+01
1.99526231496886e+10,4.81655065956091e+01,1.03658538653405e+02,7.06801175758735e+01,-7.95530445547760e+01
2.04173794466950e+10,4.79854849005933e+01,1.03084612495938e+02,7.04995428878717e+01,-8.02016474874700e+01
2.08929613085401e+10,4.78043732490227e+01,1.02514800290004e+02,7.03178522578684e+01,-8.08478665952145e+01
2.13796208950221e+10,4.76221973584803e+01,1.01948990063321e+02,7.01350701861302e+01,-8.14918534863078e+01
2.18776162394953e+10,4.74389818559329e+01,1.01387063714218e+02,6.99512200256418e+01,-8.21337667745299e+01
2.23872113856831e+10,4.72547502558621e+01,1.00828897401086e+02,6.97663239576338e+01,-8.27737717067622e+01
2.29086765276775e+10,4.70695249410801e+01,1.00274361926041e+02,6.95804029696802e+01,-8.34120397965700e+01
2.34422881531989e+10,4.68833271460320e+01,9.97233231122715e+01,6.93934768361589e+01,-8.40487484642373e+01
2.39883291901946e+10,4.66961769423882e+01,9.91756421747333e+01,6.92055641008786e+01,-8.46840806836041e+01
2.45470891568500e+10,4.65080932267427e+01,9.86311760839410e+01,6.90166820616790e+01,-8.53182246359265e+01
2.51188643150955e+10,4.63190937102343e+01,9.80897779227399e+01,6.88268467568169e+01,-8.59513733708612e+01
2.57039578276883e+10,4.61291949099204e+01,9.75512972360537e+01,6.86360729529637e+01,-8.65837244745643e+01
2.63026799189535e+10,4.59384121417412e+01,9.70155803736992e+01,6.84443741346439e+01,-8.72154797447892e+01
2.69153480392688e+10,4.57467595149220e+01,9.64824708264549e+01,6.82517624949589e+01,-8.78468448727764e+01
2.75422870333813e+10,4.55542499276738e+01,9.59518095556531e+01,6.80582489274482e+01,-8.84780291316423e+01
2.81838293126442e+10,4.53608950640627e+01,9.54234353166385e+01,6.78638430189533e+01,-8.91092450708938e+01
2.88403150312657e+10,4.51667053919312e+01,9.48971849765068e+01,6.76685530433604e+01,-8.97407082166311e+01
2.95120922666635e+10,4.49716901617678e+01,9.43728938265916e+01,6.74723859561121e+01,-9.03726367769355e+01
3.01995172040198e+10,4.47758574064335e+01,9.38503958902212e+01,6.72753473893892e+01,-9.10052513518873e+01
3.09029543251355e+10,4.45792139416661e+01,9.33295242263084e+01,6.70774416478781e+01,-9.16387746476154e+01
3.16227766016834e+10,4.43817653673001e+01,9.28101112293733e+01,6.68786717050510e+01,-9.22734311937360e+01
3.23593656929624e+10,4.41835160691483e+01,9.22919889266252e+01,6.66790391999021e+01,-9.29094470635126e+01
3.31131121482587e+10,4.39844692215095e+01,9.17749892727533e+01,6.64785444340937e+01,-9.35470495960408e+01
3.38844156139198e+10,4.37846267902790e+01,9.12589444430867e+01,6.62771863694817e+01,-9.41864671197452e+01
3.46736850452527e+10,4.35839895366501e+01,9.07436871257945e+01,6.60749626260016e+01,-9.48279286764660e+01
3.54813389233571e+10,4.33825570214129e+01,9.02290508137941e+01,6.58718694799139e+01,-9.54716637454056e+01
3.63078054770097e+10,4.31803276098670e+01,8.97148700970293e+01,6.56679018624156e+01,-9.61179019662123e+01
3.71535229097168e+10,4.29772984773794e+01,8.92009809557678e+01,6.54630533586431e+01,-9.67668728604834e+01
3.80189396320556e+10,4.27734656156345e+01,8.86872210555445e+01,6.52573162071043e+01,-9.74188055509887e+01
3.89045144994276e+10,4.25688238396325e+01,8.81734300443501e+01,6.50506812995877e+01,-9.80739284779360e+01
3.98107170553492e+10,4.23633667955103e+01,8.76594498526296e+01,6.48431381816164e+01,-9.87324691116320e+01
4.07380277804108e+10,4.21570869692701e+01,8.71451249966115e+01,6.46346750535208e+01,-9.93946536609272e+01
4.16869383470330e+10,4.19499756965122e+01,8.66303028854397e+01,6.44252787722216e+01,-1.00060706776878e+02
4.26579518801587e+10,4.17420231732854e+01,8.61148341325212e+01,6.42149348538271e+01,-1.00730851251110e+02
4.36515832240160e+10,4.15332184681755e+01,8.55985728714366e+01,6.40036274771576e+01,-1.01405307708430e+02
4.46683592150957e+10,4.13235495357688e+01,8.50813770766864e+01,6.37913394883261e+01,-1.02084294293289e+02
4.57088189614869e+10,4.11130032316349e+01,8.45631088894640e+01,6.35780524065129e+01,-1.02768026349796e+02
4.67735141287192e+10,4.09015653289865e+01,8.40436349485530e+01,6.33637464310841e+01,-1.03456716095039e+02
4.78630092322632e+10,4.06892205371809e+01,8.35228267263493e+01,6.31484004502127e+01,-1.04150572285583e+02
4.89778819368440e+10,4.04759525222401e+01,8.30005608698960e+01,6.29319920511720e+01,-1.04849799877106e+02
5.01187233627266e+10,4.02617439295699e+01,8.24767195467042e+01,6.27144975324777e+01,-1.05554599677238e+02
5.12861383991358e+10,4.00465764090693e+01,8.19511907950033e+01,6.24958919180638e+01,-1.06265167991805e+02
5.24807460249766e+10,3.98304306428233e+01,8.14238688779302e+01,6.22761489736809e+01,-1.06981696264779e+02
5.37031796370246e+10,3.96132863755775e+01,8.08946546410235e+01,6.20552412257134e+01,-1.07704370712392e+02
5.49540873857617e+10,3.93951224481941e+01,8.03634558722319e+01,6.18331399826116e+01,-1.08433371952006e+02
5.62341325190342e+10,3.91759168342900e+01,7.98301876634926e+01,6.16098153591377e+01,-1.09168874626473e+02
5.75439937337150e+10,3.89556466802524e+01,7.92947727727609e+01,6.13852363036230e+01,-1.09911047024893e+02
5.88843655355581e+10,3.87342883488271e+01,7.87571419852064e+01,6.11593706284297e+01,-1.10660050700819e+02
6.02559586074350e+10,3.85118174664633e+01,7.82172344721067e+01,6.09321850438074e+01,-1.11416040089149e+02
6.16595001861474e+10,3.82882089745908e+01,7.76749981457911e+01,6.07036451953223e+01,-1.12179162123087e+02
6.30957344480185e+10,3.80634371849935e+01,7.71303900088033e+01,6.04737157050290e+01,-1.12949555852758e+02
6.45654229034647e+10,3.78374758394229e+01,7.65833764952639e+01,6.02423602165409e+01,-1.13727352067207e+02
6.60693448007587e+10,3.76102981735815e+01,7.60339338022365e+01,6.00095414441347e+01,-1.14512672921707e+02
6.76082975391973e+10,3.73818769855766e+01,7.54820482087170e+01,5.97752212260077e+01,-1.15305631572447e+02
6.91830970918927e+10,3.71521847089244e+01,7.49277163796983e+01,5.95393605817807e+01,-1.16106331820855e+02
7.07945784384129e+10,3.69211934901498e+01,7.43709456525965e+01,5.93019197743125e+01,-1.16914867769930e+02
7.24435960074981e+10,3.66888752709932e+01,7.38117543031771e+01,5.90628583758606e+01,-1.17731323495148e+02
7.41310241300908e+10,3.64552018752026e+01,7.32501717879826e+01,5.88221353385903e+01,-1.18555772732562e+02
7.58577575029174e+10,3.62201450998401e+01,7.26862389601489e+01,5.85797090693938e+01,-1.19388278586906e+02
7.76247116628682e+10,3.59836768109947e+01,7.21200082554037e+01,5.83355375089441e+01,-1.20228893262513e+02
7.94328234724271e+10,3.57457690437398e+01,7.15515438449725e+01,5.80895782148601e+01,-1.21077657819995e+02
8.12830516164089e+10,3.55063941061253e+01,7.09809217520784e+01,5.78417884488183e+01,-1.21934601961605e+02
8.31763771102660e+10,3.52655246869390e+01,7.04082299287207e+01,5.75921252673931e+01,-1.22799743848244e+02
8.51138038202365e+10,3.50231339669174e+01,6.98335682894422e+01,5.73405456163599e+01,-1.23673089951016e+02
8.70963589956069e+10,3.47791957330276e+01,6.92570486988707e+01,5.70870064281437e+01,-1.24554634940189e+02
8.91250938133734e+10,3.45336844953837e+01,6.86787949099278e+01,5.68314647220418e+01,-1.25444361614280e+02
9.12010839355898e+10,3.42865756063017e+01,6.80989424497576e+01,5.65738777067984e+01,-1.26342240871860e+02
9.33254300796979e+10,3.40378453809412e+01,6.75176384506291e+01,5.63142028850574e+01,-1.27248231728470e+02
9.54992586021423e+10,3.37874712189201e+01,6.69350414233134e+01,5.60523981591684e+01,-1.28162281380782e+02
9.77237220955798e+10,3.35354317262406e+01,6.63513209707383e+01,5.57884219377768e+01,-1.29084325319906e+02
9.99999999999987e+10,3.32817068368059e+01,6.57666574400634e+01,5.55222332425796e+01,-1.30014287495362e+02
1.02329299228074e+11,3.30262779327655e+01,6.51812415117125e+01,5.52537918145958e+01,-1.30952080530907e+02
1.04712854805089e+11,3.27691279628813e+01,6.45952737243345e+01,5.49830582192604e+01,-1.31897605992990e+02
1.07151930523759e+11,3.25102415580701e+01,6.40089639351407e+01,5.47099939496246e+01,-1.32850754712168e+02
1.09647819614317e+11,3.22496051432507e+01,6.34225307155816e+01,5.44345615269257e+01,-1.33811407157337e+02
1.12201845430195e+11,3.19872070445993e+01,6.28362006828743e+01,5.41567245977732e+01,-1.34779433862129e+02
1.14815362149687e+11,3.17230375913061e+01,6.22502077684655e+01,5.38764480271957e+01,-1.35754695902332e+02
1.17489755493951e+11,3.14570892109186e+01,6.16647924251125e+01,5.35936979867957e+01,-1.36737045422602e+02
1.20226443461740e+11,3.11893565173665e+01,6.10802007748753e+01,5.33084420372730e+01,-1.37726326210255e+02
1.23026877081236e+11,3.09198363907757e+01,6.04966837009288e+01,5.30206492046022e+01,-1.38722374313336e+02
1.25892541179415e+11,3.06485280482053e+01,5.99144958867213e+01,5.27302900491805e+01,-1.39725018699668e+02
1.28824955169312e+11,3.03754331044797e+01,5.93338948066093e+01,5.24373367273080e+01,-1.40734081953043e+02
1.31825673855639e+11,3.01005556223325e+01,5.87551396726868e+01,5.21417630444121e+01,-1.41749381002249e+02
1.34896288259164e+11,2.98239021511370e+01,5.81784903430897e+01,5.18435444994931e+01,-1.42770727878177e+02
1.38038426460287e+11,2.95454817535627e+01,5.76042061975786e+01,5.15426583203335e+01,-1.43797930493828e+02
1.41253754462273e+11,2.92653060195766e+01,5.70325449866903e+01,5.12390834890971e+01,-1.44830793441708e+02
1.44543977074591e+11,2.89833890672857e+01,5.64637616611807e+01,5.09328007580233e+01,-1.45869118802772e+02
1.47910838816819e+11,2.86997475302137e+01,5.58981071888598e+01,5.06237926550158e+01,-1.46912706960874e+02
1.51356124843619e+11,2.84144005306988e+01,5.53358273662396e+01,5.03120434790189e+01,-1.47961357416484e+02
1.54881661891246e+11,2.81273696392018e+01,5.47771616326638e+01,4.99975392851697e+01,-1.49014869593359e+02
1.58489319246109e+11,2.78386788194228e+01,5.42223418947742e+01,4.96802678598191e+01,-1.50073043631810e+02
1.62181009735891e+11,2.75483543592305e+01,5.36715913692792e+01,4.93602186856080e+01,-1.51135681162298e+02
1.65958690743754e+11,2.72564247875205e+01,5.31251234520299e+01,4.90373828968877e+01,-1.52202586053167e+02
1.69824365246172e+11,2.69629207772300e+01,5.25831406213776e+01,4.87117532258675e+01,-1.53273565126576e+02
1.73780082874935e+11,2.66678750348448e+01,5.20458333836818e+01,4.83833239399644e+01,-1.54348428836917e+02
1.77827941003890e+11,2.63713221768448e+01,5.15133792686673e+01,4.80520907709160e+01,-1.55426991906379e+02
1.81970085860996e+11,2.60732985936358e+01,5.09859418820906e+01,4.77180508362978e+01,-1.56509073912679e+02
1.86208713666284e+11,2.57738423016201e+01,5.04636700228710e+01,4.73812025541590e+01,-1.57594499824457e+02
1.90546071796322e+11,2.54729927841512e+01,4.99466968714874e+01,4.70415455515555e+01,-1.58683100480305e+02
1.94984459975802e+11,2.51707908222104e+01,4.94351392560242e+01,4.66990805678129e+01,-1.59774713007966e+02
1.99526231496885e+11,2.48672783157270e+01,4.89290970017852e+01,4.63538093534004e+01,-1.60869181180773e+02
2.04173794466950e+11,2.45624980965418e+01,4.84286523698901e+01,4.60057345653310e+01,-1.61966355708994e+02
2.08929613085401e+11,2.42564937340841e+01,4.79338695897145e+01,4.56548596600317e+01,-1.63066094464397e+02
2.13796208950220e+11,2.39493093348967e+01,4.74447944894535e+01,4.53011887846414e+01,-1.64168262636885e+02
2.18776162394952e+11,2.36409893372000e+01,4.69614542284713e+01,4.49447266677050e+01,-1.65272732822747e+02
2.23872113856831e+11,2.33315783017323e+01,4.64838571344570e+01,4.45854785102242e+01,-1.66379385044615e+02
2.29086765276774e+11,2.30211207001489e+01,4.60119926477390e+01,4.42234498780211e+01,-1.67488106703847e+02
2.34422881531989e+11,2.27096607022902e+01,4.55458313744247e+01,4.38586465963430e+01,-1.68598792466614e+02
2.39883291901946e+11,2.23972419636581e+01,4.50853252493247e+01,4.34910746476155e+01,-1.69711344085531e+02
2.45470891568499e+11,2.20839074144552e+01,4.46304078089053e+01,4.31207400732123e+01,-1.70825670159178e+02
2.51188643150954e+11,2.17696990515499e+01,4.41809945737787e+01,4.27476488800699e+01,-1.71941685832376e+02
2.57039578276883e+11,2.14546577347317e+01,4.37369835395037e+01,4.23718069529270e+01,-1.73059312440498e+02
2.63026799189534e+11,2.11388229886113e+01,4.32982557737204e+01,4.19932199729181e+01,-1.74178477101570e+02
2.69153480392688e+11,2.08222328115049e+01,4.28646761168969e+01,4.16118933431904e+01,-1.75299112260236e+02
2.75422870333813e+11,2.05049234926148e+01,4.24360939832140e+01,4.12278321221561e+01,-1.76421155188071e+02
2.81838293126441e+11,2.01869294387823e+01,4.20123442573708e+01,4.08410409649245e+01,-1.77544547444964e+02
2.88403150312656e+11,1.98682830120457e+01,4.15932482823582e+01,4.04515240733952e+01,-1.78669234306619e+02
2.95120922666634e+11,1.95490143791785e+01,4.11786149325221e+01,4.00592851554205e+01,-1.79795164163402e+02
