Length	gdp	
0.18	0.000824667	0.010315856
0.2	0.000617105	0.009336078
0.22	0.000481727	0.008538332
0.24	0.000389453	0.007874102
0.26	0.00032403	0.007310995
0.28	0.000276002	0.006826516
0.3	0.000239653	0.006404548
0.32	0.000211401	0.006033233
0.34	0.000188926	0.005703639
0.36	0.000170678	0.005408892
0.38	0.000155595	0.005143605
0.4	0.000142928	0.004903483
0.42	0.000132141	0.004685051
0.44	0.000122841	0.00448546
0.46	0.000114734	0.004302351
0.48	0.000107598	0.004133747
0.5	7.10E-05	0.003779666
0.52	6.57E-05	0.003649919
0.54	6.10E-05	0.00352886
0.56	5.68E-05	0.003415649
0.58	5.30E-05	0.003309548
0.6	4.96E-05	0.003209907
0.62	4.65E-05	0.003116156
0.64	4.37E-05	0.003027785
0.66	4.11E-05	0.002944345
0.68	3.88E-05	0.002865432
0.7	3.67E-05	0.002790688
0.72	3.47E-05	0.002719789
0.74	3.29E-05	0.002652445
0.76	3.12E-05	0.002588394
0.78	2.97E-05	0.002527399
0.8	2.82E-05	0.002469246
0.82	2.69E-05	0.00241374
0.84	2.57E-05	0.002360703
0.86	2.45E-05	0.002309973
0.88	2.35E-05	0.002261402
0.9	2.25E-05	0.002214855
0.92	2.15E-05	0.002170206
0.94	2.06E-05	0.002127342
0.96	1.98E-05	0.002086156
0.98	1.90E-05	0.002046552
1	1.83E-05	0.002008439
1.02	1.76E-05	0.001971735
1.04	1.70E-05	0.001936362
1.06	1.64E-05	0.001902249
1.08	1.58E-05	0.00186933
1.1	1.52E-05	0.001837541
1.12	1.47E-05	0.001806826
1.14	1.42E-05	0.001777131
1.16	1.37E-05	0.001748406
1.18	1.33E-05	0.001720603
1.2	1.29E-05	0.001693678
1.22	1.25E-05	0.001667591
1.24	1.21E-05	0.001642303
1.26	1.17E-05	0.001617777
1.28	1.14E-05	0.001593979
1.3	1.10E-05	0.001570877
1.32	1.07E-05	0.001548441
1.34	1.04E-05	0.001526642
1.36	1.01E-05	0.001505454
1.38	9.83E-06	0.00148485
1.4	9.56E-06	0.001464807
1.42	9.30E-06	0.001445302
1.44	9.05E-06	0.001426314
1.46	8.82E-06	0.001407822
1.48	8.59E-06	0.001389807
1.5	8.37E-06	0.001372251
1.52	8.16E-06	0.001355136
1.54	7.96E-06	0.001338446
1.56	7.76E-06	0.001322164
1.58	7.57E-06	0.001306277
1.6	7.39E-06	0.00129077
1.62	7.22E-06	0.001275629
1.64	7.05E-06	0.001260841
1.66	6.89E-06	0.001246395
1.68	6.73E-06	0.001232278
1.7	6.58E-06	0.00121848
1.72	6.43E-06	0.001204989
1.74	6.29E-06	0.001191795
1.76	6.16E-06	0.001178889
1.78	6.03E-06	0.001166261
1.8	5.90E-06	0.001153902
1.82	5.77E-06	0.001141804
1.84	5.65E-06	0.001129959
1.86	5.54E-06	0.001118358
1.88	5.43E-06	0.001106995
1.9	5.32E-06	0.001095861
1.92	5.21E-06	0.00108495
1.94	5.11E-06	0.001074255
1.96	5.01E-06	0.001063771
1.98	4.91E-06	0.00105349
2	4.82E-06	0.001043407
2.02	4.73E-06	0.001033516
2.04	4.64E-06	0.001023812
2.06	4.55E-06	0.001014289
2.08	4.47E-06	0.001004943
2.1	4.39E-06	0.000995768
2.12	4.31E-06	0.00098676
2.14	4.23E-06	0.000977915
2.16	4.16E-06	0.000969227
2.18	4.09E-06	0.000960693
2.2	4.02E-06	0.000952308
2.22	3.95E-06	0.00094407
2.24	3.88E-06	0.000935973
2.26	3.81E-06	0.000928015
2.28	3.75E-06	0.000920191
2.3	3.69E-06	0.000912499
2.32	3.63E-06	0.000904935
2.34	3.57E-06	0.000897496
2.36	3.51E-06	0.000890178
2.38	3.45E-06	0.000882979
2.4	3.40E-06	0.000875897
2.42	3.35E-06	0.000868927
2.44	3.29E-06	0.000862068
2.46	3.24E-06	0.000855317
2.48	3.19E-06	0.000848671
2.5	3.14E-06	0.000842129
2.52	3.10E-06	0.000835686
2.54	3.05E-06	0.000829342
2.56	3.01E-06	0.000823094
2.58	2.96E-06	0.000816939
2.6	2.92E-06	0.000810876
2.62	2.88E-06	0.000804903
2.64	2.83E-06	0.000799017
2.66	2.79E-06	0.000793218
2.68	2.75E-06	0.000787502
2.7	2.72E-06	0.000781868
2.72	2.68E-06	0.000776314
2.74	2.64E-06	0.000770839
2.76	2.60E-06	0.000765441
2.78	2.57E-06	0.000760119
2.8	2.53E-06	0.00075487
2.82	2.50E-06	0.000749693
2.84	2.47E-06	0.000744587
2.86	2.43E-06	0.00073955
2.88	2.40E-06	0.000734582
2.9	2.37E-06	0.000729679
2.92	2.34E-06	0.000724842
2.94	2.31E-06	0.000720069
2.96	2.28E-06	0.000715359
2.98	2.25E-06	0.00071071
3	2.22E-06	0.000706121
3.02	2.19E-06	0.000701591
3.04	2.17E-06	0.000697119
3.06	2.14E-06	0.000692704
3.08	2.11E-06	0.000688344
3.1	2.09E-06	0.000684039
3.12	2.06E-06	0.000679788
3.14	2.04E-06	0.00067559
3.16	2.01E-06	0.000671443
3.18	1.99E-06	0.000667347
3.2	1.96E-06	0.000663301
3.22	1.94E-06	0.000659304
3.24	1.92E-06	0.000655354
3.26	1.90E-06	0.000651452
3.28	1.87E-06	0.000647596
3.3	1.85E-06	0.000643786
3.32	1.83E-06	0.00064002
3.34	1.81E-06	0.000636298
3.36	1.79E-06	0.00063262
3.38	1.77E-06	0.000628983
3.4	1.75E-06	0.000625389
3.42	1.73E-06	0.000621835
3.44	1.71E-06	0.000618322
3.46	1.69E-06	0.000614848
3.48	1.68E-06	0.000611413
3.5	1.66E-06	0.000608016
3.52	1.64E-06	0.000604657
3.54	1.62E-06	0.000601335
3.56	1.60E-06	0.00059805
3.58	1.59E-06	0.0005948
3.6	1.57E-06	0.000591585
3.62	1.55E-06	0.000588405
3.64	1.54E-06	0.000585259
3.66	1.52E-06	0.000582147
3.68	1.51E-06	0.000579067
3.7	1.49E-06	0.00057602
3.72	1.48E-06	0.000573005
3.74	1.46E-06	0.000570022
3.76	1.45E-06	0.000567069
3.78	1.43E-06	0.000564147
3.8	1.42E-06	0.000561255
3.82	1.40E-06	0.000558392
3.84	1.39E-06	0.000555559
3.86	1.38E-06	0.000552754
3.88	1.36E-06	0.000549978
3.9	1.35E-06	0.000547229
3.92	1.34E-06	0.000544508
3.94	1.32E-06	0.000541813
3.96	1.31E-06	0.000539146
3.98	1.30E-06	0.000536504
4	1.29E-06	0.000533888
4.02	1.27E-06	0.000531298
4.04	1.26E-06	0.000528733
4.06	1.25E-06	0.000526192
4.08	1.24E-06	0.000523676
4.1	1.23E-06	0.000521184
4.12	1.22E-06	0.000518715
4.14	1.21E-06	0.00051627
4.16	1.19E-06	0.000513847
4.18	1.18E-06	0.000511448
4.2	1.17E-06	0.000509071
4.22	1.16E-06	0.000506715
4.24	1.15E-06	0.000504382
4.26	1.14E-06	0.00050207
4.28	1.13E-06	0.000499779
4.3	1.12E-06	0.000497509
4.32	1.11E-06	0.000495259
4.34	1.10E-06	0.00049303
4.36	1.09E-06	0.000490821
4.38	1.08E-06	0.000488631
4.4	1.07E-06	0.000486461
4.42	1.06E-06	0.00048431
4.44	1.06E-06	0.000482178
4.46	1.05E-06	0.000480065
4.48	1.04E-06	0.00047797
4.5	1.03E-06	0.000475894
4.52	1.02E-06	0.000473836
4.54	1.01E-06	0.000471795
4.56	1.00E-06	0.000469772
4.58	9.96E-07	0.000467766
4.6	9.88E-07	0.000465777
4.62	9.79E-07	0.000463805
4.64	9.72E-07	0.00046185
4.66	9.64E-07	0.000459911
4.68	9.56E-07	0.000457988
4.7	9.48E-07	0.000456082
4.72	9.41E-07	0.000454191
4.74	9.33E-07	0.000452316
4.76	9.26E-07	0.000450456
4.78	9.19E-07	0.000448612
4.8	9.11E-07	0.000446782
4.82	9.04E-07	0.000444968
4.84	8.97E-07	0.000443168
4.86	8.90E-07	0.000441383
4.88	8.83E-07	0.000439612
4.9	8.77E-07	0.000437855
4.92	8.70E-07	0.000436113
4.94	8.63E-07	0.000434384
4.96	8.57E-07	0.000432668
4.98	8.50E-07	0.000430967
5	8.44E-07	0.000429278
5.02	8.38E-07	0.000427603
5.04	8.31E-07	0.000425941
5.06	8.25E-07	0.000424292
5.08	8.19E-07	0.000422655
5.1	8.13E-07	0.000421031
5.12	8.07E-07	0.00041942
5.14	8.01E-07	0.000417821
5.16	7.95E-07	0.000416234
5.18	7.90E-07	0.000414659
5.2	7.84E-07	0.000413095
5.22	7.78E-07	0.000411544
5.24	7.73E-07	0.000410004
5.26	7.67E-07	0.000408476
5.28	7.62E-07	0.000406959
5.3	7.56E-07	0.000405454
5.32	7.51E-07	0.000403959
5.34	7.46E-07	0.000402475
5.36	7.40E-07	0.000401003
5.38	7.35E-07	0.000399541
5.4	7.30E-07	0.00039809
5.42	7.25E-07	0.000396649
5.44	7.20E-07	0.000395218
5.46	7.15E-07	0.000393798
5.48	7.10E-07	0.000392388
5.5	7.05E-07	0.000390989
5.52	7.01E-07	0.000389599
5.54	6.96E-07	0.000388219
5.56	6.91E-07	0.000386848
5.58	6.87E-07	0.000385488
5.6	6.82E-07	0.000384137
5.62	6.77E-07	0.000382795
5.64	6.73E-07	0.000381463
5.66	6.68E-07	0.00038014
5.68	6.64E-07	0.000378826
5.7	6.60E-07	0.000377521
5.72	6.55E-07	0.000376225
5.74	6.51E-07	0.000374938
5.76	6.47E-07	0.00037366
5.78	6.43E-07	0.000372391
5.8	6.39E-07	0.00037113
5.82	6.34E-07	0.000369877
5.84	6.30E-07	0.000368634
5.86	6.26E-07	0.000367398
5.88	6.22E-07	0.000366171
5.9	6.18E-07	0.000364951
5.92	6.15E-07	0.00036374
5.94	6.11E-07	0.000362537
5.96	6.07E-07	0.000361342
5.98	6.03E-07	0.000360155
6	5.99E-07	0.000358976
6.02	5.96E-07	0.000357804
6.04	5.92E-07	0.00035664
6.06	5.88E-07	0.000355483
6.08	5.85E-07	0.000354334
6.1	5.81E-07	0.000353192
6.12	5.77E-07	0.000352058
6.14	5.74E-07	0.000350931
6.16	5.70E-07	0.000349811
6.18	5.67E-07	0.000348699
6.2	5.64E-07	0.000347593
6.22	5.60E-07	0.000346494
6.24	5.57E-07	0.000345402
6.26	5.54E-07	0.000344318
6.28	5.50E-07	0.00034324
6.3	5.47E-07	0.000342168
6.32	5.44E-07	0.000341104
6.34	5.41E-07	0.000340045
6.36	5.37E-07	0.000338994
6.38	5.34E-07	0.000337949
6.4	5.31E-07	0.00033691
6.42	5.28E-07	0.000335878
6.44	5.25E-07	0.000334852
6.46	5.22E-07	0.000333833
6.48	5.19E-07	0.000332819
6.5	5.16E-07	0.000331812
6.52	5.13E-07	0.000330811
6.54	5.10E-07	0.000329815
6.56	5.07E-07	0.000328826
6.58	5.04E-07	0.000327843
6.6	5.02E-07	0.000326865
6.62	4.99E-07	0.000325894
6.64	4.96E-07	0.000324928
6.66	4.93E-07	0.000323968
6.68	4.90E-07	0.000323013
6.7	4.88E-07	0.000322064
6.72	4.85E-07	0.000321121
6.74	4.82E-07	0.000320183
6.76	4.80E-07	0.000319251
6.78	4.77E-07	0.000318324
6.8	4.74E-07	0.000317402
6.82	4.72E-07	0.000316486
6.84	4.69E-07	0.000315575
6.86	4.67E-07	0.00031467
6.88	4.64E-07	0.000313769
6.9	4.62E-07	0.000312874
6.92	4.59E-07	0.000311983
6.94	4.57E-07	0.000311098
6.96	4.54E-07	0.000310218
6.98	4.52E-07	0.000309343
7	4.49E-07	0.000308472
7.02	4.47E-07	0.000307607
7.04	4.45E-07	0.000306746
7.06	4.42E-07	0.00030589
7.08	4.40E-07	0.000305039
7.1	4.38E-07	0.000304193
7.12	4.35E-07	0.000303352
7.14	4.33E-07	0.000302515
7.16	4.31E-07	0.000301682
7.18	4.29E-07	0.000300855
7.2	4.27E-07	0.000300031
7.22	4.24E-07	0.000299213
7.24	4.22E-07	0.000298398
7.26	4.20E-07	0.000297588
7.28	4.18E-07	0.000296783
7.3	4.16E-07	0.000295982
7.32	4.14E-07	0.000295185
7.34	4.12E-07	0.000294392
7.36	4.09E-07	0.000293604
7.38	4.07E-07	0.00029282
7.4	4.05E-07	0.00029204
7.42	4.03E-07	0.000291264
7.44	4.01E-07	0.000290493
7.46	3.99E-07	0.000289725
7.48	3.97E-07	0.000288962
7.5	3.95E-07	0.000288202
7.52	3.93E-07	0.000287447
7.54	3.92E-07	0.000286695
7.56	3.90E-07	0.000285948
7.58	3.88E-07	0.000285204
7.6	3.86E-07	0.000284464
7.62	3.84E-07	0.000283728
7.64	3.82E-07	0.000282996
7.66	3.80E-07	0.000282267
7.68	3.78E-07	0.000281542
7.7	3.77E-07	0.000280821
7.72	3.75E-07	0.000280104
7.74	3.73E-07	0.00027939
7.76	3.71E-07	0.00027868
7.78	3.69E-07	0.000277974
7.8	3.68E-07	0.000277271
7.82	3.66E-07	0.000276572
7.84	3.64E-07	0.000275876
7.86	3.63E-07	0.000275184
7.88	3.61E-07	0.000274495
7.9	3.59E-07	0.000273809
7.92	3.57E-07	0.000273127
7.94	3.56E-07	0.000272449
7.96	3.54E-07	0.000271774
7.98	3.52E-07	0.000271102
8	3.51E-07	0.000270433
8.02	3.49E-07	0.000269768
8.04	3.48E-07	0.000269106
8.06	3.46E-07	0.000268447
8.08	3.44E-07	0.000267791
8.1	3.43E-07	0.000267139
8.12	3.41E-07	0.00026649
8.14	3.40E-07	0.000265844
8.16	3.38E-07	0.000265201
8.18	3.37E-07	0.000264561
8.2	3.35E-07	0.000263924
8.22	3.34E-07	0.000263291
8.24	3.32E-07	0.00026266
8.26	3.31E-07	0.000262033
8.28	3.29E-07	0.000261408
8.3	3.28E-07	0.000260786
8.32	3.26E-07	0.000260168
8.34	3.25E-07	0.000259552
8.36	3.23E-07	0.000258939
8.38	3.22E-07	0.000258329
8.4	3.21E-07	0.000257722
8.42	3.19E-07	0.000257118
8.44	3.18E-07	0.000256516
8.46	3.16E-07	0.000255918
8.48	3.15E-07	0.000255322
8.5	3.14E-07	0.000254729
8.52	3.12E-07	0.000254139
8.54	3.11E-07	0.000253551
8.56	3.10E-07	0.000252966
8.58	3.08E-07	0.000252384
8.6	3.07E-07	0.000251804
8.62	3.06E-07	0.000251228
8.64	3.04E-07	0.000250653
8.66	3.03E-07	0.000250082
8.68	3.02E-07	0.000249513
8.7	3.01E-07	0.000248946
8.72	2.99E-07	0.000248383
8.74	2.98E-07	0.000247821
8.76	2.97E-07	0.000247263
8.78	2.96E-07	0.000246706
8.8	2.94E-07	0.000246153
8.82	2.93E-07	0.000245601
8.84	2.92E-07	0.000245053
8.86	2.91E-07	0.000244506
8.88	2.89E-07	0.000243962
8.9	2.88E-07	0.000243421
8.92	2.87E-07	0.000242882
8.94	2.86E-07	0.000242345
8.96	2.85E-07	0.000241811
8.98	2.84E-07	0.000241279
9	2.82E-07	0.000240749
9.02	2.81E-07	0.000240222
9.04	2.80E-07	0.000239697
9.06	2.79E-07	0.000239174
9.08	2.78E-07	0.000238654
9.1	2.77E-07	0.000238135
9.12	2.76E-07	0.000237619
9.14	2.75E-07	0.000237106
9.16	2.73E-07	0.000236594
9.18	2.72E-07	0.000236085
9.2	2.71E-07	0.000235578
9.22	2.70E-07	0.000235073
9.24	2.69E-07	0.00023457
9.26	2.68E-07	0.000234069
9.28	2.67E-07	0.000233571
9.3	2.66E-07	0.000233075
9.32	2.65E-07	0.00023258
9.34	2.64E-07	0.000232088
9.36	2.63E-07	0.000231598
9.38	2.62E-07	0.00023111
9.4	2.61E-07	0.000230624
9.42	2.60E-07	0.00023014
9.44	2.59E-07	0.000229658
9.46	2.58E-07	0.000229178
9.48	2.57E-07	0.0002287
9.5	2.56E-07	0.000228224
9.52	2.55E-07	0.000227751
9.54	2.54E-07	0.000227279
9.56	2.53E-07	0.000226809
9.58	2.52E-07	0.000226341
9.6	2.51E-07	0.000225874
9.62	2.50E-07	0.00022541
9.64	2.49E-07	0.000224948
9.66	2.48E-07	0.000224487
9.68	2.47E-07	0.000224029
9.7	2.46E-07	0.000223572
9.72	2.45E-07	0.000223117
9.74	2.44E-07	0.000222664
9.76	2.43E-07	0.000222213
9.78	2.43E-07	0.000221764
9.8	2.42E-07	0.000221317
9.82	2.41E-07	0.000220871
9.84	2.40E-07	0.000220427
9.86	2.39E-07	0.000219985
9.88	2.38E-07	0.000219544
9.9	2.37E-07	0.000219106
9.92	2.36E-07	0.000218669
9.94	2.35E-07	0.000218234
9.96	2.35E-07	0.000217801
9.98	2.34E-07	0.000217369
10	2.33E-07	0.000216939
10.02	2.33E-07	0.000216939
