1.00E+00	-2.7614E-07	-2.81754E-07	-2.91389E-07	-3.04754E-07	-3.19918E-07
1.02E+00	-2.82572E-07	-2.88316E-07	-2.98176E-07	-3.11852E-07	-3.2737E-07
1.05E+00	-2.89154E-07	-2.95032E-07	-3.05122E-07	-3.19116E-07	-3.34996E-07
1.07E+00	-2.95889E-07	-3.01904E-07	-3.12229E-07	-3.2655E-07	-3.42799E-07
1.10E+00	-3.02782E-07	-3.08937E-07	-3.19502E-07	-3.34156E-07	-3.50783E-07
1.12E+00	-3.09834E-07	-3.16133E-07	-3.26944E-07	-3.41939E-07	-3.58954E-07
1.15E+00	-3.17051E-07	-3.23496E-07	-3.34559E-07	-3.49904E-07	-3.67315E-07
1.17E+00	-3.24436E-07	-3.31032E-07	-3.42352E-07	-3.58054E-07	-3.75871E-07
1.20E+00	-3.31993E-07	-3.38742E-07	-3.50327E-07	-3.66395E-07	-3.84626E-07
1.23E+00	-3.39727E-07	-3.46633E-07	-3.58487E-07	-3.74929E-07	-3.93586E-07
1.26E+00	-3.4764E-07	-3.54707E-07	-3.66837E-07	-3.83662E-07	-4.02753E-07
1.29E+00	-3.55737E-07	-3.62969E-07	-3.75382E-07	-3.92599E-07	-4.12135E-07
1.32E+00	-3.64024E-07	-3.71424E-07	-3.84126E-07	-4.01744E-07	-4.21734E-07
1.35E+00	-3.72503E-07	-3.80075E-07	-3.93073E-07	-4.11102E-07	-4.31558E-07
1.38E+00	-3.81179E-07	-3.88928E-07	-4.02229E-07	-4.20677E-07	-4.4161E-07
1.41E+00	-3.90058E-07	-3.97988E-07	-4.11598E-07	-4.30476E-07	-4.51897E-07
1.45E+00	-3.99144E-07	-4.07258E-07	-4.21185E-07	-4.40503E-07	-4.62423E-07
1.48E+00	-4.08441E-07	-4.16744E-07	-4.30996E-07	-4.50764E-07	-4.73194E-07
1.51E+00	-4.17955E-07	-4.26451E-07	-4.41035E-07	-4.61263E-07	-4.84216E-07
1.55E+00	-4.2769E-07	-4.36385E-07	-4.51308E-07	-4.72008E-07	-4.95495E-07
1.58E+00	-4.37653E-07	-4.46549E-07	-4.6182E-07	-4.83002E-07	-5.07036E-07
1.62E+00	-4.47847E-07	-4.56951E-07	-4.72578E-07	-4.94253E-07	-5.18847E-07
1.66E+00	-4.58278E-07	-4.67595E-07	-4.83585E-07	-5.05765E-07	-5.30932E-07
1.70E+00	-4.68953E-07	-4.78486E-07	-4.9485E-07	-5.17546E-07	-5.43299E-07
1.74E+00	-4.79876E-07	-4.89632E-07	-5.06376E-07	-5.29601E-07	-5.55954E-07
1.78E+00	-4.91054E-07	-5.01037E-07	-5.18171E-07	-5.41937E-07	-5.68904E-07
1.82E+00	-5.02492E-07	-5.12707E-07	-5.30241E-07	-5.54561E-07	-5.82156E-07
1.86E+00	-5.14197E-07	-5.2465E-07	-5.42592E-07	-5.67478E-07	-5.95716E-07
1.91E+00	-5.26174E-07	-5.3687E-07	-5.5523E-07	-5.80696E-07	-6.09592E-07
1.95E+00	-5.3843E-07	-5.49376E-07	-5.68163E-07	-5.94222E-07	-6.23791E-07
2.00E+00	-5.50972E-07	-5.62172E-07	-5.81398E-07	-6.08064E-07	-6.38321E-07
2.04E+00	-5.63806E-07	-5.75267E-07	-5.9494E-07	-6.22227E-07	-6.53189E-07
2.09E+00	-5.76938E-07	-5.88667E-07	-6.08798E-07	-6.36721E-07	-6.68404E-07
2.14E+00	-5.90377E-07	-6.02379E-07	-6.22979E-07	-6.51552E-07	-6.83973E-07
2.19E+00	-6.04129E-07	-6.1641E-07	-6.3749E-07	-6.66729E-07	-6.99905E-07
2.24E+00	-6.18201E-07	-6.30768E-07	-6.52339E-07	-6.82259E-07	-7.16208E-07
2.29E+00	-6.326E-07	-6.4546E-07	-6.67534E-07	-6.98151E-07	-7.32891E-07
2.34E+00	-6.47336E-07	-6.60495E-07	-6.83083E-07	-7.14413E-07	-7.49962E-07
2.40E+00	-6.62414E-07	-6.7588E-07	-6.98994E-07	-7.31053E-07	-7.67431E-07
2.45E+00	-6.77844E-07	-6.91623E-07	-7.15275E-07	-7.48082E-07	-7.85306E-07
2.51E+00	-6.93633E-07	-7.07733E-07	-7.31936E-07	-7.65507E-07	-8.03598E-07
2.57E+00	-7.09789E-07	-7.24218E-07	-7.48985E-07	-7.83338E-07	-8.22317E-07
2.63E+00	-7.26322E-07	-7.41088E-07	-7.66431E-07	-8.01584E-07	-8.41471E-07
2.69E+00	-7.43241E-07	-7.5835E-07	-7.84284E-07	-8.20255E-07	-8.61071E-07
2.75E+00	-7.60553E-07	-7.76014E-07	-8.02552E-07	-8.39362E-07	-8.81128E-07
2.82E+00	-7.78269E-07	-7.9409E-07	-8.21246E-07	-8.58913E-07	-9.01652E-07
2.88E+00	-7.96397E-07	-8.12586E-07	-8.40375E-07	-8.78919E-07	-9.22654E-07
2.95E+00	-8.14947E-07	-8.31514E-07	-8.5995E-07	-8.99392E-07	-9.44146E-07
3.02E+00	-8.3393E-07	-8.50882E-07	-8.79981E-07	-9.20342E-07	-9.66138E-07
3.09E+00	-8.53354E-07	-8.70702E-07	-9.00478E-07	-9.41779E-07	-9.88642E-07
3.16E+00	-8.73232E-07	-8.90983E-07	-9.21453E-07	-9.63716E-07	-1.01167E-06
3.24E+00	-8.93572E-07	-9.11737E-07	-9.42916E-07	-9.86164E-07	-1.03524E-06
3.31E+00	-9.14386E-07	-9.32974E-07	-9.6488E-07	-1.00913E-06	-1.05935E-06
3.39E+00	-9.35685E-07	-9.54706E-07	-9.87355E-07	-1.03264E-06	-1.08402E-06
3.47E+00	-9.57479E-07	-9.76944E-07	-1.01035E-06	-1.05669E-06	-1.10927E-06
3.55E+00	-9.79782E-07	-9.997E-07	-1.03389E-06	-1.08131E-06	-1.13511E-06
3.63E+00	-1.0026E-06	-1.02299E-06	-1.05797E-06	-1.10649E-06	-1.16155E-06
3.72E+00	-1.02596E-06	-1.04681E-06	-1.08261E-06	-1.13227E-06	-1.18861E-06
3.80E+00	-1.04986E-06	-1.0712E-06	-1.10783E-06	-1.15864E-06	-1.2163E-06
3.89E+00	-1.07431E-06	-1.09615E-06	-1.13363E-06	-1.18563E-06	-1.24463E-06
3.98E+00	-1.09933E-06	-1.12168E-06	-1.16004E-06	-1.21325E-06	-1.27362E-06
4.07E+00	-1.12494E-06	-1.14781E-06	-1.18706E-06	-1.24151E-06	-1.30328E-06
4.17E+00	-1.15114E-06	-1.17454E-06	-1.21471E-06	-1.27043E-06	-1.33364E-06
4.27E+00	-1.17796E-06	-1.2019E-06	-1.24301E-06	-1.30002E-06	-1.36471E-06
4.37E+00	-1.2054E-06	-1.2299E-06	-1.27196E-06	-1.3303E-06	-1.39649E-06
4.47E+00	-1.23347E-06	-1.25855E-06	-1.30159E-06	-1.36129E-06	-1.42902E-06
4.57E+00	-1.2622E-06	-1.28786E-06	-1.3319E-06	-1.39299E-06	-1.46231E-06
4.68E+00	-1.2916E-06	-1.31786E-06	-1.36293E-06	-1.42544E-06	-1.49637E-06
4.79E+00	-1.32169E-06	-1.34856E-06	-1.39468E-06	-1.45864E-06	-1.53123E-06
4.90E+00	-1.35248E-06	-1.37997E-06	-1.42716E-06	-1.49262E-06	-1.56689E-06
5.01E+00	-1.38398E-06	-1.41211E-06	-1.4604E-06	-1.52739E-06	-1.60339E-06
5.13E+00	-1.41622E-06	-1.44501E-06	-1.49442E-06	-1.56296E-06	-1.64074E-06
5.25E+00	-1.4492E-06	-1.47866E-06	-1.52923E-06	-1.59937E-06	-1.67896E-06
5.37E+00	-1.48296E-06	-1.51311E-06	-1.56485E-06	-1.63662E-06	-1.71806E-06
5.50E+00	-1.5175E-06	-1.54835E-06	-1.6013E-06	-1.67475E-06	-1.75808E-06
5.62E+00	-1.55285E-06	-1.58442E-06	-1.6386E-06	-1.71376E-06	-1.79903E-06
5.75E+00	-1.58902E-06	-1.62132E-06	-1.67677E-06	-1.75367E-06	-1.84094E-06
5.89E+00	-1.62603E-06	-1.65909E-06	-1.71583E-06	-1.79452E-06	-1.88382E-06
6.03E+00	-1.66391E-06	-1.69773E-06	-1.75579E-06	-1.83632E-06	-1.9277E-06
6.17E+00	-1.70267E-06	-1.73728E-06	-1.79669E-06	-1.8791E-06	-1.9726E-06
6.31E+00	-1.74233E-06	-1.77775E-06	-1.83854E-06	-1.92287E-06	-2.01855E-06
6.46E+00	-1.78291E-06	-1.81915E-06	-1.88137E-06	-1.96766E-06	-2.06557E-06
6.61E+00	-1.82444E-06	-1.86153E-06	-1.92519E-06	-2.01349E-06	-2.11368E-06
6.76E+00	-1.86694E-06	-1.90489E-06	-1.97003E-06	-2.06039E-06	-2.16291E-06
6.92E+00	-1.91042E-06	-1.94926E-06	-2.01592E-06	-2.10838E-06	-2.21329E-06
7.08E+00	-1.95492E-06	-1.99466E-06	-2.06288E-06	-2.15749E-06	-2.26485E-06
7.24E+00	-2.00046E-06	-2.04112E-06	-2.11093E-06	-2.20775E-06	-2.3176E-06
7.41E+00	-2.04705E-06	-2.08867E-06	-2.1601E-06	-2.25917E-06	-2.37159E-06
7.59E+00	-2.09474E-06	-2.13732E-06	-2.21041E-06	-2.31179E-06	-2.42683E-06
7.76E+00	-2.14353E-06	-2.1871E-06	-2.2619E-06	-2.36564E-06	-2.48336E-06
7.94E+00	-2.19346E-06	-2.23805E-06	-2.31459E-06	-2.42075E-06	-2.5412E-06
8.13E+00	-2.24455E-06	-2.29018E-06	-2.3685E-06	-2.47713E-06	-2.60039E-06
8.32E+00	-2.29683E-06	-2.34352E-06	-2.42367E-06	-2.53483E-06	-2.66096E-06
8.51E+00	-2.35033E-06	-2.39811E-06	-2.48012E-06	-2.59388E-06	-2.72295E-06
8.71E+00	-2.40508E-06	-2.45397E-06	-2.53789E-06	-2.65429E-06	-2.78637E-06
8.91E+00	-2.4611E-06	-2.51113E-06	-2.59701E-06	-2.71612E-06	-2.85127E-06
9.12E+00	-2.51843E-06	-2.56962E-06	-2.6575E-06	-2.77939E-06	-2.91769E-06
9.33E+00	-2.57709E-06	-2.62948E-06	-2.7194E-06	-2.84413E-06	-2.98565E-06
9.55E+00	-2.63712E-06	-2.69073E-06	-2.78274E-06	-2.91038E-06	-3.0552E-06
9.77E+00	-2.69854E-06	-2.7534E-06	-2.84756E-06	-2.97817E-06	-3.12636E-06
1.00E+01	-2.7614E-06	-2.81754E-06	-2.91389E-06	-3.04754E-06	-3.19918E-06
1.02E+01	-2.82572E-06	-2.88316E-06	-2.98176E-06	-3.11852E-06	-3.2737E-06
1.05E+01	-2.89154E-06	-2.95032E-06	-3.05122E-06	-3.19116E-06	-3.34996E-06
1.07E+01	-2.95889E-06	-3.01904E-06	-3.12229E-06	-3.2655E-06	-3.42799E-06
1.10E+01	-3.02782E-06	-3.08937E-06	-3.19502E-06	-3.34156E-06	-3.50783E-06
1.12E+01	-3.09834E-06	-3.16133E-06	-3.26944E-06	-3.41939E-06	-3.58954E-06
1.15E+01	-3.17051E-06	-3.23496E-06	-3.34559E-06	-3.49904E-06	-3.67315E-06
1.17E+01	-3.24436E-06	-3.31032E-06	-3.42352E-06	-3.58054E-06	-3.75871E-06
1.20E+01	-3.31993E-06	-3.38742E-06	-3.50327E-06	-3.66395E-06	-3.84626E-06
1.23E+01	-3.39727E-06	-3.46633E-06	-3.58487E-06	-3.74929E-06	-3.93586E-06
1.26E+01	-3.4764E-06	-3.54707E-06	-3.66837E-06	-3.83662E-06	-4.02753E-06
1.29E+01	-3.55737E-06	-3.62969E-06	-3.75382E-06	-3.92599E-06	-4.12135E-06
1.32E+01	-3.64024E-06	-3.71424E-06	-3.84126E-06	-4.01744E-06	-4.21734E-06
1.35E+01	-3.72503E-06	-3.80075E-06	-3.93073E-06	-4.11102E-06	-4.31558E-06
1.38E+01	-3.81179E-06	-3.88928E-06	-4.02229E-06	-4.20677E-06	-4.4161E-06
1.41E+01	-3.90058E-06	-3.97988E-06	-4.11598E-06	-4.30476E-06	-4.51897E-06
1.45E+01	-3.99144E-06	-4.07258E-06	-4.21185E-06	-4.40503E-06	-4.62423E-06
1.48E+01	-4.08441E-06	-4.16744E-06	-4.30996E-06	-4.50764E-06	-4.73194E-06
1.51E+01	-4.17955E-06	-4.26451E-06	-4.41035E-06	-4.61263E-06	-4.84216E-06
1.55E+01	-4.2769E-06	-4.36385E-06	-4.51308E-06	-4.72008E-06	-4.95495E-06
1.58E+01	-4.37653E-06	-4.46549E-06	-4.6182E-06	-4.83002E-06	-5.07036E-06
1.62E+01	-4.47847E-06	-4.56951E-06	-4.72578E-06	-4.94253E-06	-5.18847E-06
1.66E+01	-4.58278E-06	-4.67595E-06	-4.83585E-06	-5.05765E-06	-5.30932E-06
1.70E+01	-4.68953E-06	-4.78486E-06	-4.9485E-06	-5.17546E-06	-5.43299E-06
1.74E+01	-4.79876E-06	-4.89632E-06	-5.06376E-06	-5.29601E-06	-5.55954E-06
1.78E+01	-4.91054E-06	-5.01037E-06	-5.18171E-06	-5.41937E-06	-5.68904E-06
1.82E+01	-5.02492E-06	-5.12707E-06	-5.30241E-06	-5.54561E-06	-5.82156E-06
1.86E+01	-5.14197E-06	-5.2465E-06	-5.42592E-06	-5.67478E-06	-5.95716E-06
1.91E+01	-5.26174E-06	-5.3687E-06	-5.5523E-06	-5.80696E-06	-6.09592E-06
1.95E+01	-5.3843E-06	-5.49376E-06	-5.68163E-06	-5.94222E-06	-6.23791E-06
2.00E+01	-5.50972E-06	-5.62172E-06	-5.81398E-06	-6.08064E-06	-6.38321E-06
2.04E+01	-5.63806E-06	-5.75267E-06	-5.9494E-06	-6.22227E-06	-6.53189E-06
2.09E+01	-5.76938E-06	-5.88667E-06	-6.08798E-06	-6.36721E-06	-6.68404E-06
2.14E+01	-5.90377E-06	-6.02379E-06	-6.22979E-06	-6.51552E-06	-6.83973E-06
2.19E+01	-6.04129E-06	-6.1641E-06	-6.3749E-06	-6.66729E-06	-6.99905E-06
2.24E+01	-6.18201E-06	-6.30768E-06	-6.52339E-06	-6.82259E-06	-7.16208E-06
2.29E+01	-6.326E-06	-6.4546E-06	-6.67534E-06	-6.98151E-06	-7.32891E-06
2.34E+01	-6.47336E-06	-6.60495E-06	-6.83083E-06	-7.14413E-06	-7.49962E-06
2.40E+01	-6.62414E-06	-6.7588E-06	-6.98994E-06	-7.31053E-06	-7.67431E-06
2.45E+01	-6.77844E-06	-6.91623E-06	-7.15275E-06	-7.48082E-06	-7.85306E-06
2.51E+01	-6.93633E-06	-7.07733E-06	-7.31936E-06	-7.65507E-06	-8.03598E-06
2.57E+01	-7.09789E-06	-7.24218E-06	-7.48985E-06	-7.83338E-06	-8.22317E-06
2.63E+01	-7.26322E-06	-7.41088E-06	-7.66431E-06	-8.01584E-06	-8.41471E-06
2.69E+01	-7.43241E-06	-7.5835E-06	-7.84284E-06	-8.20255E-06	-8.61071E-06
2.75E+01	-7.60553E-06	-7.76014E-06	-8.02552E-06	-8.39362E-06	-8.81128E-06
2.82E+01	-7.78269E-06	-7.9409E-06	-8.21246E-06	-8.58913E-06	-9.01652E-06
2.88E+01	-7.96397E-06	-8.12586E-06	-8.40375E-06	-8.78919E-06	-9.22654E-06
2.95E+01	-8.14947E-06	-8.31514E-06	-8.5995E-06	-8.99392E-06	-9.44146E-06
3.02E+01	-8.3393E-06	-8.50882E-06	-8.79981E-06	-9.20342E-06	-9.66138E-06
3.09E+01	-8.53354E-06	-8.70702E-06	-9.00478E-06	-9.41779E-06	-9.88642E-06
3.16E+01	-8.73232E-06	-8.90983E-06	-9.21453E-06	-9.63716E-06	-1.01167E-05
3.24E+01	-8.93572E-06	-9.11737E-06	-9.42916E-06	-9.86164E-06	-1.03524E-05
3.31E+01	-9.14386E-06	-9.32974E-06	-9.6488E-06	-1.00913E-05	-1.05935E-05
3.39E+01	-9.35685E-06	-9.54706E-06	-9.87355E-06	-1.03264E-05	-1.08402E-05
3.47E+01	-9.57479E-06	-9.76944E-06	-1.01035E-05	-1.05669E-05	-1.10927E-05
3.55E+01	-9.79782E-06	-9.997E-06	-1.03389E-05	-1.08131E-05	-1.13511E-05
3.63E+01	-1.0026E-05	-1.02299E-05	-1.05797E-05	-1.10649E-05	-1.16155E-05
3.72E+01	-1.02596E-05	-1.04681E-05	-1.08261E-05	-1.13227E-05	-1.18861E-05
3.80E+01	-1.04986E-05	-1.0712E-05	-1.10783E-05	-1.15864E-05	-1.2163E-05
3.89E+01	-1.07431E-05	-1.09615E-05	-1.13363E-05	-1.18563E-05	-1.24463E-05
3.98E+01	-1.09933E-05	-1.12168E-05	-1.16004E-05	-1.21325E-05	-1.27362E-05
4.07E+01	-1.12494E-05	-1.14781E-05	-1.18706E-05	-1.24151E-05	-1.30328E-05
4.17E+01	-1.15114E-05	-1.17454E-05	-1.21471E-05	-1.27043E-05	-1.33364E-05
4.27E+01	-1.17796E-05	-1.2019E-05	-1.24301E-05	-1.30002E-05	-1.36471E-05
4.37E+01	-1.2054E-05	-1.2299E-05	-1.27196E-05	-1.3303E-05	-1.39649E-05
4.47E+01	-1.23347E-05	-1.25855E-05	-1.30159E-05	-1.36129E-05	-1.42902E-05
4.57E+01	-1.2622E-05	-1.28786E-05	-1.3319E-05	-1.39299E-05	-1.46231E-05
4.68E+01	-1.2916E-05	-1.31786E-05	-1.36293E-05	-1.42544E-05	-1.49637E-05
4.79E+01	-1.32169E-05	-1.34856E-05	-1.39468E-05	-1.45864E-05	-1.53123E-05
4.90E+01	-1.35248E-05	-1.37997E-05	-1.42716E-05	-1.49262E-05	-1.56689E-05
5.01E+01	-1.38398E-05	-1.41211E-05	-1.4604E-05	-1.52739E-05	-1.60339E-05
5.13E+01	-1.41622E-05	-1.44501E-05	-1.49442E-05	-1.56296E-05	-1.64074E-05
5.25E+01	-1.4492E-05	-1.47866E-05	-1.52923E-05	-1.59937E-05	-1.67896E-05
5.37E+01	-1.48296E-05	-1.51311E-05	-1.56485E-05	-1.63662E-05	-1.71806E-05
5.50E+01	-1.5175E-05	-1.54835E-05	-1.6013E-05	-1.67475E-05	-1.75808E-05
5.62E+01	-1.55285E-05	-1.58442E-05	-1.6386E-05	-1.71376E-05	-1.79903E-05
5.75E+01	-1.58902E-05	-1.62132E-05	-1.67677E-05	-1.75367E-05	-1.84094E-05
5.89E+01	-1.62603E-05	-1.65909E-05	-1.71583E-05	-1.79452E-05	-1.88382E-05
6.03E+01	-1.66391E-05	-1.69773E-05	-1.75579E-05	-1.83632E-05	-1.9277E-05
6.17E+01	-1.70267E-05	-1.73728E-05	-1.79669E-05	-1.8791E-05	-1.9726E-05
6.31E+01	-1.74233E-05	-1.77775E-05	-1.83854E-05	-1.92287E-05	-2.01855E-05
6.46E+01	-1.78291E-05	-1.81915E-05	-1.88137E-05	-1.96766E-05	-2.06557E-05
6.61E+01	-1.82444E-05	-1.86153E-05	-1.92519E-05	-2.01349E-05	-2.11368E-05
6.76E+01	-1.86694E-05	-1.90489E-05	-1.97003E-05	-2.06039E-05	-2.16291E-05
6.92E+01	-1.91042E-05	-1.94926E-05	-2.01592E-05	-2.10838E-05	-2.21329E-05
7.08E+01	-1.95492E-05	-1.99466E-05	-2.06288E-05	-2.15749E-05	-2.26485E-05
7.24E+01	-2.00046E-05	-2.04112E-05	-2.11093E-05	-2.20775E-05	-2.3176E-05
7.41E+01	-2.04705E-05	-2.08867E-05	-2.1601E-05	-2.25917E-05	-2.37159E-05
7.59E+01	-2.09474E-05	-2.13732E-05	-2.21041E-05	-2.31179E-05	-2.42683E-05
7.76E+01	-2.14353E-05	-2.1871E-05	-2.2619E-05	-2.36564E-05	-2.48336E-05
7.94E+01	-2.19346E-05	-2.23805E-05	-2.31459E-05	-2.42075E-05	-2.5412E-05
8.13E+01	-2.24455E-05	-2.29018E-05	-2.3685E-05	-2.47713E-05	-2.60039E-05
8.32E+01	-2.29683E-05	-2.34352E-05	-2.42367E-05	-2.53483E-05	-2.66096E-05
8.51E+01	-2.35033E-05	-2.39811E-05	-2.48012E-05	-2.59388E-05	-2.72295E-05
8.71E+01	-2.40508E-05	-2.45397E-05	-2.53789E-05	-2.65429E-05	-2.78637E-05
8.91E+01	-2.4611E-05	-2.51113E-05	-2.59701E-05	-2.71612E-05	-2.85127E-05
9.12E+01	-2.51843E-05	-2.56962E-05	-2.6575E-05	-2.77939E-05	-2.91769E-05
9.33E+01	-2.57709E-05	-2.62948E-05	-2.7194E-05	-2.84413E-05	-2.98565E-05
9.55E+01	-2.63712E-05	-2.69073E-05	-2.78274E-05	-2.91038E-05	-3.0552E-05
9.77E+01	-2.69854E-05	-2.7534E-05	-2.84756E-05	-2.97817E-05	-3.12636E-05
1.00E+02	-2.7614E-05	-2.81754E-05	-2.91389E-05	-3.04754E-05	-3.19918E-05
1.02E+02	-2.82572E-05	-2.88316E-05	-2.98176E-05	-3.11852E-05	-3.2737E-05
1.05E+02	-2.89154E-05	-2.95032E-05	-3.05122E-05	-3.19116E-05	-3.34996E-05
1.07E+02	-2.95889E-05	-3.01904E-05	-3.12229E-05	-3.2655E-05	-3.42799E-05
1.10E+02	-3.02782E-05	-3.08937E-05	-3.19502E-05	-3.34156E-05	-3.50783E-05
1.12E+02	-3.09834E-05	-3.16133E-05	-3.26944E-05	-3.41939E-05	-3.58954E-05
1.15E+02	-3.17051E-05	-3.23496E-05	-3.34559E-05	-3.49904E-05	-3.67315E-05
1.17E+02	-3.24436E-05	-3.31032E-05	-3.42352E-05	-3.58054E-05	-3.75871E-05
1.20E+02	-3.31993E-05	-3.38742E-05	-3.50327E-05	-3.66395E-05	-3.84626E-05
1.23E+02	-3.39727E-05	-3.46633E-05	-3.58487E-05	-3.74929E-05	-3.93586E-05
1.26E+02	-3.4764E-05	-3.54707E-05	-3.66837E-05	-3.83662E-05	-4.02753E-05
1.29E+02	-3.55737E-05	-3.62969E-05	-3.75382E-05	-3.92599E-05	-4.12135E-05
1.32E+02	-3.64024E-05	-3.71424E-05	-3.84126E-05	-4.01744E-05	-4.21734E-05
1.35E+02	-3.72503E-05	-3.80075E-05	-3.93073E-05	-4.11102E-05	-4.31558E-05
1.38E+02	-3.81179E-05	-3.88928E-05	-4.02229E-05	-4.20677E-05	-4.4161E-05
1.41E+02	-3.90058E-05	-3.97988E-05	-4.11598E-05	-4.30476E-05	-4.51897E-05
1.45E+02	-3.99144E-05	-4.07258E-05	-4.21185E-05	-4.40503E-05	-4.62423E-05
1.48E+02	-4.08441E-05	-4.16744E-05	-4.30996E-05	-4.50764E-05	-4.73194E-05
1.51E+02	-4.17955E-05	-4.26451E-05	-4.41035E-05	-4.61263E-05	-4.84216E-05
1.55E+02	-4.2769E-05	-4.36385E-05	-4.51308E-05	-4.72008E-05	-4.95495E-05
1.58E+02	-4.37653E-05	-4.46549E-05	-4.6182E-05	-4.83002E-05	-5.07036E-05
1.62E+02	-4.47847E-05	-4.56951E-05	-4.72578E-05	-4.94253E-05	-5.18847E-05
1.66E+02	-4.58278E-05	-4.67595E-05	-4.83585E-05	-5.05765E-05	-5.30932E-05
1.70E+02	-4.68953E-05	-4.78486E-05	-4.9485E-05	-5.17546E-05	-5.43299E-05
1.74E+02	-4.79876E-05	-4.89632E-05	-5.06376E-05	-5.29601E-05	-5.55954E-05
1.78E+02	-4.91054E-05	-5.01037E-05	-5.18171E-05	-5.41937E-05	-5.68904E-05
1.82E+02	-5.02492E-05	-5.12707E-05	-5.30241E-05	-5.54561E-05	-5.82156E-05
1.86E+02	-5.14197E-05	-5.2465E-05	-5.42592E-05	-5.67478E-05	-5.95716E-05
1.91E+02	-5.26174E-05	-5.3687E-05	-5.5523E-05	-5.80696E-05	-6.09592E-05
1.95E+02	-5.3843E-05	-5.49376E-05	-5.68163E-05	-5.94222E-05	-6.23791E-05
2.00E+02	-5.50972E-05	-5.62172E-05	-5.81398E-05	-6.08064E-05	-6.38321E-05
2.04E+02	-5.63806E-05	-5.75267E-05	-5.9494E-05	-6.22227E-05	-6.53189E-05
2.09E+02	-5.76938E-05	-5.88667E-05	-6.08798E-05	-6.36721E-05	-6.68404E-05
2.14E+02	-5.90377E-05	-6.02379E-05	-6.22979E-05	-6.51552E-05	-6.83973E-05
2.19E+02	-6.04129E-05	-6.1641E-05	-6.3749E-05	-6.66729E-05	-6.99905E-05
2.24E+02	-6.18201E-05	-6.30768E-05	-6.52339E-05	-6.82259E-05	-7.16208E-05
2.29E+02	-6.326E-05	-6.4546E-05	-6.67534E-05	-6.98151E-05	-7.32891E-05
2.34E+02	-6.47336E-05	-6.60495E-05	-6.83083E-05	-7.14413E-05	-7.49962E-05
2.40E+02	-6.62414E-05	-6.7588E-05	-6.98994E-05	-7.31053E-05	-7.67431E-05
2.45E+02	-6.77844E-05	-6.91623E-05	-7.15275E-05	-7.48082E-05	-7.85306E-05
2.51E+02	-6.93633E-05	-7.07733E-05	-7.31936E-05	-7.65507E-05	-8.03598E-05
2.57E+02	-7.09789E-05	-7.24218E-05	-7.48985E-05	-7.83338E-05	-8.22317E-05
2.63E+02	-7.26322E-05	-7.41088E-05	-7.66431E-05	-8.01584E-05	-8.41471E-05
2.69E+02	-7.43241E-05	-7.5835E-05	-7.84284E-05	-8.20255E-05	-8.61071E-05
2.75E+02	-7.60553E-05	-7.76014E-05	-8.02552E-05	-8.39362E-05	-8.81128E-05
2.82E+02	-7.78269E-05	-7.9409E-05	-8.21246E-05	-8.58913E-05	-9.01652E-05
2.88E+02	-7.96397E-05	-8.12586E-05	-8.40375E-05	-8.78919E-05	-9.22654E-05
2.95E+02	-8.14947E-05	-8.31514E-05	-8.5995E-05	-8.99392E-05	-9.44146E-05
3.02E+02	-8.3393E-05	-8.50882E-05	-8.79981E-05	-9.20342E-05	-9.66138E-05
3.09E+02	-8.53354E-05	-8.70702E-05	-9.00478E-05	-9.41779E-05	-9.88642E-05
3.16E+02	-8.73232E-05	-8.90983E-05	-9.21453E-05	-9.63716E-05	-0.000101167
3.24E+02	-8.93572E-05	-9.11737E-05	-9.42916E-05	-9.86164E-05	-0.000103524
3.31E+02	-9.14386E-05	-9.32974E-05	-9.6488E-05	-0.000100913	-0.000105935
3.39E+02	-9.35685E-05	-9.54706E-05	-9.87355E-05	-0.000103264	-0.000108402
3.47E+02	-9.57479E-05	-9.76944E-05	-0.000101035	-0.000105669	-0.000110927
3.55E+02	-9.79782E-05	-9.997E-05	-0.000103389	-0.000108131	-0.000113511
3.63E+02	-0.00010026	-0.000102299	-0.000105797	-0.000110649	-0.000116155
3.72E+02	-0.000102596	-0.000104681	-0.000108261	-0.000113227	-0.000118861
3.80E+02	-0.000104986	-0.00010712	-0.000110783	-0.000115864	-0.00012163
3.89E+02	-0.000107431	-0.000109615	-0.000113363	-0.000118563	-0.000124463
3.98E+02	-0.000109933	-0.000112168	-0.000116004	-0.000121325	-0.000127362
4.07E+02	-0.000112494	-0.000114781	-0.000118706	-0.000124151	-0.000130328
4.17E+02	-0.000115114	-0.000117454	-0.000121471	-0.000127043	-0.000133364
4.27E+02	-0.000117796	-0.00012019	-0.000124301	-0.000130002	-0.000136471
4.37E+02	-0.00012054	-0.00012299	-0.000127196	-0.00013303	-0.000139649
4.47E+02	-0.000123347	-0.000125855	-0.000130159	-0.000136129	-0.000142902
4.57E+02	-0.00012622	-0.000128786	-0.00013319	-0.000139299	-0.000146231
4.68E+02	-0.00012916	-0.000131786	-0.000136293	-0.000142544	-0.000149637
4.79E+02	-0.000132169	-0.000134856	-0.000139468	-0.000145864	-0.000153123
4.90E+02	-0.000135248	-0.000137997	-0.000142716	-0.000149262	-0.000156689
5.01E+02	-0.000138398	-0.000141211	-0.00014604	-0.000152739	-0.000160339
5.13E+02	-0.000141622	-0.000144501	-0.000149442	-0.000156296	-0.000164074
5.25E+02	-0.00014492	-0.000147866	-0.000152923	-0.000159937	-0.000167896
5.37E+02	-0.000148296	-0.000151311	-0.000156485	-0.000163662	-0.000171806
5.50E+02	-0.00015175	-0.000154835	-0.00016013	-0.000167475	-0.000175808
5.62E+02	-0.000155285	-0.000158442	-0.00016386	-0.000171376	-0.000179903
5.75E+02	-0.000158902	-0.000162132	-0.000167677	-0.000175367	-0.000184094
5.89E+02	-0.000162603	-0.000165909	-0.000171583	-0.000179452	-0.000188382
6.03E+02	-0.000166391	-0.000169773	-0.000175579	-0.000183632	-0.00019277
6.17E+02	-0.000170267	-0.000173728	-0.000179669	-0.00018791	-0.00019726
6.31E+02	-0.000174233	-0.000177775	-0.000183854	-0.000192287	-0.000201855
6.46E+02	-0.000178291	-0.000181915	-0.000188137	-0.000196766	-0.000206557
6.61E+02	-0.000182444	-0.000186153	-0.000192519	-0.000201349	-0.000211368
6.76E+02	-0.000186694	-0.000190489	-0.000197003	-0.000206039	-0.000216291
6.92E+02	-0.000191042	-0.000194926	-0.000201592	-0.000210838	-0.000221329
7.08E+02	-0.000195492	-0.000199466	-0.000206288	-0.000215749	-0.000226485
7.24E+02	-0.000200046	-0.000204112	-0.000211093	-0.000220775	-0.00023176
7.41E+02	-0.000204705	-0.000208867	-0.00021601	-0.000225917	-0.000237159
7.59E+02	-0.000209474	-0.000213732	-0.000221041	-0.000231179	-0.000242683
7.76E+02	-0.000214353	-0.00021871	-0.00022619	-0.000236564	-0.000248336
7.94E+02	-0.000219346	-0.000223805	-0.000231459	-0.000242075	-0.00025412
8.13E+02	-0.000224455	-0.000229018	-0.00023685	-0.000247713	-0.000260039
8.32E+02	-0.000229683	-0.000234352	-0.000242367	-0.000253483	-0.000266096
8.51E+02	-0.000235033	-0.000239811	-0.000248012	-0.000259388	-0.000272295
8.71E+02	-0.000240508	-0.000245397	-0.000253789	-0.000265429	-0.000278637
8.91E+02	-0.00024611	-0.000251113	-0.000259701	-0.000271612	-0.000285127
9.12E+02	-0.000251843	-0.000256962	-0.00026575	-0.000277939	-0.000291769
9.33E+02	-0.000257709	-0.000262948	-0.00027194	-0.000284413	-0.000298565
9.55E+02	-0.000263712	-0.000269073	-0.000278274	-0.000291038	-0.00030552
9.77E+02	-0.000269854	-0.00027534	-0.000284756	-0.000297817	-0.000312636
1.00E+03	-0.00027614	-0.000281754	-0.000291389	-0.000304754	-0.000319918
1.02E+03	-0.000282572	-0.000288316	-0.000298176	-0.000311852	-0.00032737
1.05E+03	-0.000289154	-0.000295032	-0.000305122	-0.000319116	-0.000334996
1.07E+03	-0.000295889	-0.000301904	-0.000312229	-0.00032655	-0.000342799
1.10E+03	-0.000302782	-0.000308937	-0.000319502	-0.000334156	-0.000350783
1.12E+03	-0.000309834	-0.000316133	-0.000326944	-0.000341939	-0.000358954
1.15E+03	-0.000317051	-0.000323496	-0.000334559	-0.000349904	-0.000367315
1.17E+03	-0.000324436	-0.000331032	-0.000342352	-0.000358054	-0.000375871
1.20E+03	-0.000331993	-0.000338742	-0.000350327	-0.000366395	-0.000384626
1.23E+03	-0.000339727	-0.000346633	-0.000358487	-0.000374929	-0.000393586
1.26E+03	-0.00034764	-0.000354707	-0.000366837	-0.000383662	-0.000402753
1.29E+03	-0.000355737	-0.000362969	-0.000375382	-0.000392599	-0.000412135
1.32E+03	-0.000364024	-0.000371424	-0.000384126	-0.000401744	-0.000421734
1.35E+03	-0.000372503	-0.000380075	-0.000393073	-0.000411102	-0.000431558
1.38E+03	-0.000381179	-0.000388928	-0.000402229	-0.000420677	-0.00044161
1.41E+03	-0.000390058	-0.000397988	-0.000411598	-0.000430476	-0.000451897
1.45E+03	-0.000399144	-0.000407258	-0.000421185	-0.000440503	-0.000462423
1.48E+03	-0.000408441	-0.000416744	-0.000430996	-0.000450764	-0.000473194
1.51E+03	-0.000417955	-0.000426451	-0.000441035	-0.000461263	-0.000484216
1.55E+03	-0.00042769	-0.000436385	-0.000451308	-0.000472008	-0.000495495
1.58E+03	-0.000437653	-0.000446549	-0.00046182	-0.000483002	-0.000507036
1.62E+03	-0.000447847	-0.000456951	-0.000472578	-0.000494253	-0.000518847
1.66E+03	-0.000458278	-0.000467595	-0.000483585	-0.000505765	-0.000530932
1.70E+03	-0.000468953	-0.000478486	-0.00049485	-0.000517546	-0.000543299
1.74E+03	-0.000479876	-0.000489632	-0.000506376	-0.000529601	-0.000555954
1.78E+03	-0.000491054	-0.000501037	-0.000518171	-0.000541937	-0.000568904
1.82E+03	-0.000502492	-0.000512707	-0.000530241	-0.000554561	-0.000582156
1.86E+03	-0.000514197	-0.00052465	-0.000542592	-0.000567478	-0.000595716
1.91E+03	-0.000526174	-0.00053687	-0.00055523	-0.000580696	-0.000609592
1.95E+03	-0.00053843	-0.000549376	-0.000568163	-0.000594222	-0.000623791
2.00E+03	-0.000550972	-0.000562172	-0.000581398	-0.000608064	-0.000638321
2.04E+03	-0.000563806	-0.000575267	-0.00059494	-0.000622227	-0.000653189
2.09E+03	-0.000576938	-0.000588667	-0.000608798	-0.000636721	-0.000668404
2.14E+03	-0.000590377	-0.000602379	-0.000622979	-0.000651552	-0.000683973
2.19E+03	-0.000604129	-0.00061641	-0.00063749	-0.000666729	-0.000699905
2.24E+03	-0.000618201	-0.000630768	-0.000652339	-0.000682259	-0.000716208
2.29E+03	-0.0006326	-0.00064546	-0.000667534	-0.000698151	-0.000732891
2.34E+03	-0.000647336	-0.000660495	-0.000683083	-0.000714413	-0.000749962
2.40E+03	-0.000662414	-0.00067588	-0.000698994	-0.000731053	-0.000767431
2.45E+03	-0.000677844	-0.000691623	-0.000715275	-0.000748082	-0.000785306
2.51E+03	-0.000693633	-0.000707733	-0.000731936	-0.000765507	-0.000803598
2.57E+03	-0.000709789	-0.000724218	-0.000748985	-0.000783338	-0.000822317
2.63E+03	-0.000726322	-0.000741088	-0.000766431	-0.000801584	-0.000841471
2.69E+03	-0.000743241	-0.00075835	-0.000784284	-0.000820255	-0.000861071
2.75E+03	-0.000760553	-0.000776014	-0.000802552	-0.000839362	-0.000881128
2.82E+03	-0.000778269	-0.00079409	-0.000821246	-0.000858913	-0.000901652
2.88E+03	-0.000796397	-0.000812586	-0.000840375	-0.000878919	-0.000922654
2.95E+03	-0.000814947	-0.000831514	-0.00085995	-0.000899392	-0.000944146
3.02E+03	-0.00083393	-0.000850882	-0.000879981	-0.000920342	-0.000966138
3.09E+03	-0.000853354	-0.000870702	-0.000900478	-0.000941779	-0.000988642
3.16E+03	-0.000873232	-0.000890983	-0.000921453	-0.000963716	-0.001011671
3.24E+03	-0.000893572	-0.000911737	-0.000942916	-0.000986164	-0.001035235
3.31E+03	-0.000914386	-0.000932974	-0.00096488	-0.001009135	-0.001059349
3.39E+03	-0.000935685	-0.000954706	-0.000987355	-0.00103264	-0.001084024
3.47E+03	-0.000957479	-0.000976944	-0.001010353	-0.001056694	-0.001109275
3.55E+03	-0.000979782	-0.0009997	-0.001033887	-0.001081307	-0.001135113
3.63E+03	-0.001002604	-0.001022986	-0.00105797	-0.001106494	-0.001161553
3.72E+03	-0.001025958	-0.001046814	-0.001082613	-0.001132268	-0.001188609
3.80E+03	-0.001049855	-0.001071197	-0.00110783	-0.001158642	-0.001216295
3.89E+03	-0.00107431	-0.001096149	-0.001133635	-0.00118563	-0.001244627
3.98E+03	-0.001099333	-0.001121681	-0.001160041	-0.001213247	-0.001273618
4.07E+03	-0.00112494	-0.001147809	-0.001187061	-0.001241507	-0.001303284
4.17E+03	-0.001151143	-0.001174545	-0.001214712	-0.001270425	-0.001333641
4.27E+03	-0.001177957	-0.001201903	-0.001243006	-0.001300017	-0.001364706
4.37E+03	-0.001205395	-0.001229899	-0.001271959	-0.001330298	-0.001396494
4.47E+03	-0.001233472	-0.001258547	-0.001301587	-0.001361285	-0.001429023
4.57E+03	-0.001262204	-0.001287862	-0.001331905	-0.001392993	-0.001462309
4.68E+03	-0.001291604	-0.001317861	-0.001362929	-0.00142544	-0.00149637
4.79E+03	-0.00132169	-0.001348558	-0.001394676	-0.001458643	-0.001531225
4.90E+03	-0.001352476	-0.00137997	-0.001427162	-0.001492619	-0.001566892
5.01E+03	-0.001383979	-0.001412113	-0.001460405	-0.001527387	-0.00160339
5.13E+03	-0.001416216	-0.001445005	-0.001494422	-0.001562964	-0.001640737
5.25E+03	-0.001449204	-0.001478664	-0.001529231	-0.001599371	-0.001678955
5.37E+03	-0.00148296	-0.001513106	-0.001564852	-0.001636625	-0.001718063
5.50E+03	-0.001517503	-0.001548351	-0.001601302	-0.001674747	-0.001758082
5.62E+03	-0.00155285	-0.001584417	-0.001638601	-0.001713756	-0.001799033
5.75E+03	-0.00158902	-0.001621323	-0.001676769	-0.001753675	-0.001840938
5.89E+03	-0.001626033	-0.001659088	-0.001715826	-0.001794523	-0.001883819
6.03E+03	-0.001663909	-0.001697733	-0.001755793	-0.001836323	-0.001927698
6.17E+03	-0.001702666	-0.001737279	-0.00179669	-0.001879097	-0.0019726
6.31E+03	-0.001742326	-0.001777745	-0.00183854	-0.001922866	-0.002018548
6.46E+03	-0.00178291	-0.001819154	-0.001881366	-0.001967656	-0.002065566
6.61E+03	-0.001824439	-0.001861528	-0.001925188	-0.002013488	-0.002113679
6.76E+03	-0.001866936	-0.001904888	-0.001970032	-0.002060388	-0.002162913
6.92E+03	-0.001910423	-0.001949259	-0.00201592	-0.002108381	-0.002213294
7.08E+03	-0.001954922	-0.001994663	-0.002062876	-0.002157491	-0.002264848
7.24E+03	-0.002000458	-0.002041124	-0.002110927	-0.002207746	-0.002317603
7.41E+03	-0.002047055	-0.002088668	-0.002160097	-0.002259171	-0.002371587
7.59E+03	-0.002094737	-0.00213732	-0.002210412	-0.002311794	-0.002426829
7.76E+03	-0.002143529	-0.002187104	-0.002261899	-0.002365642	-0.002483357
7.94E+03	-0.002193459	-0.002238048	-0.002314585	-0.002420745	-0.002541201
8.13E+03	-0.002244551	-0.002290179	-0.002368499	-0.002477132	-0.002600394
8.32E+03	-0.002296833	-0.002343524	-0.002423668	-0.002534831	-0.002660965
8.51E+03	-0.002350333	-0.002398112	-0.002480123	-0.002593875	-0.002722946
8.71E+03	-0.00240508	-0.002453971	-0.002537892	-0.002654294	-0.002786372
8.91E+03	-0.002461101	-0.002511132	-0.002597007	-0.002716121	-0.002851275
9.12E+03	-0.002518428	-0.002569623	-0.0026575	-0.002779387	-0.00291769
9.33E+03	-0.002577089	-0.002629478	-0.002719401	-0.002844128	-0.002985651
9.55E+03	-0.002637117	-0.002690726	-0.002782744	-0.002910376	-0.003055196
9.77E+03	-0.002698544	-0.002753401	-0.002847562	-0.002978167	-0.003126361
1.00E+04	-0.002761401	-0.002817536	-0.00291389	-0.003047538	-0.003199183
1.02E+04	-0.002825722	-0.002883165	-0.002981764	-0.003118524	-0.003273702
1.05E+04	-0.002891542	-0.002950322	-0.003051218	-0.003191164	-0.003349956
1.07E+04	-0.002958894	-0.003019044	-0.00312229	-0.003265495	-0.003427986
1.10E+04	-0.003027816	-0.003089367	-0.003195017	-0.003341559	-0.003507835
1.12E+04	-0.003098343	-0.003161327	-0.003269439	-0.003419394	-0.003589542
1.15E+04	-0.003170512	-0.003234964	-0.003345594	-0.003499041	-0.003673154
1.17E+04	-0.003244363	-0.003310316	-0.003423523	-0.003580545	-0.003758712
1.20E+04	-0.003319934	-0.003387423	-0.003503267	-0.003663946	-0.003846264
1.23E+04	-0.003397265	-0.003466327	-0.003584868	-0.00374929	-0.003935855
1.26E+04	-0.003476398	-0.003547068	-0.003668371	-0.003836623	-0.004027533
1.29E+04	-0.003557373	-0.00362969	-0.003753818	-0.003925989	-0.004121346
1.32E+04	-0.003640235	-0.003714236	-0.003841256	-0.004017437	-0.004217345
1.35E+04	-0.003725027	-0.003800752	-0.00393073	-0.004111015	-0.004315579
1.38E+04	-0.003811794	-0.003889282	-0.004022288	-0.004206773	-0.004416102
1.41E+04	-0.003900582	-0.003979876	-0.004115979	-0.004304761	-0.004518966
1.45E+04	-0.003991439	-0.004072579	-0.004211853	-0.004405032	-0.004624226
1.48E+04	-0.004084411	-0.004167441	-0.00430996	-0.004507639	-0.004731939
1.51E+04	-0.004179549	-0.004264513	-0.004410351	-0.004612635	-0.00484216
1.55E+04	-0.004276904	-0.004363847	-0.004513082	-0.004720077	-0.004954948
1.58E+04	-0.004376525	-0.004465494	-0.004618205	-0.004830022	-0.005070364
1.62E+04	-0.004478468	-0.004569508	-0.004725777	-0.004942527	-0.005188467
1.66E+04	-0.004582785	-0.004675946	-0.004835854	-0.005057654	-0.005309322
1.70E+04	-0.004689532	-0.004784863	-0.004948496	-0.005175462	-0.005432992
1.74E+04	-0.004798765	-0.004896317	-0.005063761	-0.005296014	-0.005559543
1.78E+04	-0.004910542	-0.005010366	-0.005181711	-0.005419374	-0.005689041
1.82E+04	-0.005024924	-0.005127073	-0.005302409	-0.005545607	-0.005821556
1.86E+04	-0.005141969	-0.005246498	-0.005425918	-0.005674781	-0.005957158
1.91E+04	-0.005261741	-0.005368704	-0.005552303	-0.005806963	-0.006095918
1.95E+04	-0.005384303	-0.005493758	-0.005681633	-0.005942225	-0.00623791
2.00E+04	-0.005509719	-0.005621724	-0.005813975	-0.006080637	-0.006383209
2.04E+04	-0.005638057	-0.00575267	-0.0059494	-0.006222273	-0.006531894
2.09E+04	-0.005769384	-0.005886667	-0.00608798	-0.006367209	-0.006684041
2.14E+04	-0.00590377	-0.006023785	-0.006229787	-0.00651552	-0.006839732
2.19E+04	-0.006041287	-0.006164097	-0.006374897	-0.006667286	-0.00699905
2.24E+04	-0.006182007	-0.006307678	-0.006523388	-0.006822587	-0.007162079
2.29E+04	-0.006326004	-0.006454602	-0.006675337	-0.006981506	-0.007328905
2.34E+04	-0.006473356	-0.006604949	-0.006830826	-0.007144126	-0.007499617
2.40E+04	-0.006624139	-0.006758798	-0.006989936	-0.007310534	-0.007674306
2.45E+04	-0.006778435	-0.006916231	-0.007152752	-0.007480818	-0.007853063
2.51E+04	-0.006936325	-0.007077331	-0.007319361	-0.007655069	-0.008035985
2.57E+04	-0.007097893	-0.007242183	-0.007489851	-0.007833378	-0.008223167
2.63E+04	-0.007263224	-0.007410875	-0.007664312	-0.008015841	-0.008414709
2.69E+04	-0.007432407	-0.007583496	-0.007842837	-0.008202554	-0.008610713
2.75E+04	-0.00760553	-0.007760139	-0.00802552	-0.008393616	-0.008811282
2.82E+04	-0.007782685	-0.007940896	-0.008212459	-0.008589128	-0.009016523
2.88E+04	-0.007963967	-0.008125863	-0.008403751	-0.008789195	-0.009226545
2.95E+04	-0.008149472	-0.008315139	-0.0085995	-0.008993921	-0.009441459
3.02E+04	-0.008339297	-0.008508823	-0.008799808	-0.009203417	-0.009661378
3.09E+04	-0.008533545	-0.008707019	-0.009004782	-0.009417792	-0.009886421
3.16E+04	-0.008732316	-0.008909831	-0.00921453	-0.00963716	-0.010116705
3.24E+04	-0.008935718	-0.009117368	-0.009429164	-0.009861639	-0.010352354
3.31E+04	-0.009143858	-0.009329739	-0.009648798	-0.010091346	-0.010593491
3.39E+04	-0.009356845	-0.009547056	-0.009873547	-0.010326403	-0.010840245
3.47E+04	-0.009574794	-0.009769436	-0.010103531	-0.010566936	-0.011092747
3.55E+04	-0.00979782	-0.009996995	-0.010338873	-0.010813072	-0.01135113
3.63E+04	-0.010026041	-0.010229855	-0.010579696	-0.011064941	-0.011615532
3.72E+04	-0.010259577	-0.010468139	-0.010826129	-0.011322676	-0.011886092
3.80E+04	-0.010498553	-0.010711973	-0.011078302	-0.011586415	-0.012162955
3.89E+04	-0.010743096	-0.010961487	-0.011336349	-0.011856297	-0.012446266
3.98E+04	-0.010993335	-0.011216813	-0.011600406	-0.012132466	-0.012736177
4.07E+04	-0.011249403	-0.011478086	-0.011870614	-0.012415067	-0.013032841
4.17E+04	-0.011511435	-0.011745445	-0.012147116	-0.012704252	-0.013336415
4.27E+04	-0.011779571	-0.012019032	-0.012430059	-0.013000172	-0.01364706
4.37E+04	-0.012053952	-0.012298991	-0.012719592	-0.013302984	-0.013964941
4.47E+04	-0.012334725	-0.012585471	-0.01301587	-0.013612851	-0.014290226
4.57E+04	-0.012622037	-0.012878625	-0.013319048	-0.013929935	-0.014623088
4.68E+04	-0.012916042	-0.013178606	-0.013629289	-0.014254405	-0.014963704
4.79E+04	-0.013216896	-0.013485576	-0.013946756	-0.014586432	-0.015312253
4.90E+04	-0.013524757	-0.013799695	-0.014271617	-0.014926194	-0.015668921
5.01E+04	-0.013839789	-0.014121131	-0.014604046	-0.01527387	-0.016033897
5.13E+04	-0.014162159	-0.014450055	-0.014944218	-0.015629644	-0.016407375
5.25E+04	-0.014492038	-0.01478664	-0.015292314	-0.015993705	-0.016789551
5.37E+04	-0.014829601	-0.015131065	-0.015648517	-0.016366246	-0.01718063
5.50E+04	-0.015175026	-0.015483512	-0.016013018	-0.016747465	-0.017580819
5.62E+04	-0.015528498	-0.01584417	-0.016386009	-0.017137564	-0.017990328
5.75E+04	-0.015890203	-0.016213228	-0.016767688	-0.017536749	-0.018409377
5.89E+04	-0.016260334	-0.016590882	-0.017158258	-0.017945232	-0.018838187
6.03E+04	-0.016639086	-0.016977334	-0.017557925	-0.01836323	-0.019276984
6.17E+04	-0.01702666	-0.017372787	-0.017966902	-0.018790965	-0.019726003
6.31E+04	-0.017423262	-0.017777451	-0.018385405	-0.019228663	-0.020185481
6.46E+04	-0.017829101	-0.018191541	-0.018813656	-0.019676556	-0.020655661
6.61E+04	-0.018244395	-0.018615276	-0.019251882	-0.020134882	-0.021136793
6.76E+04	-0.018669361	-0.019048882	-0.019700316	-0.020603883	-0.021629132
6.92E+04	-0.019104226	-0.019492587	-0.020159195	-0.021083809	-0.022132939
7.08E+04	-0.019549221	-0.019946628	-0.020628763	-0.021574914	-0.022648482
7.24E+04	-0.020004581	-0.020411244	-0.021109269	-0.022077459	-0.023176033
7.41E+04	-0.020470547	-0.020886683	-0.021600967	-0.022591709	-0.023715872
7.59E+04	-0.020947368	-0.021373197	-0.022104118	-0.023117937	-0.024268285
7.76E+04	-0.021435294	-0.021871042	-0.022618989	-0.023656423	-0.024833566
7.94E+04	-0.021934587	-0.022380484	-0.023145853	-0.024207452	-0.025412014
8.13E+04	-0.022445509	-0.022901793	-0.023684989	-0.024771316	-0.026003936
8.32E+04	-0.022968332	-0.023435244	-0.024236683	-0.025348314	-0.026609646
8.51E+04	-0.023503333	-0.023981121	-0.024801228	-0.025938752	-0.027229464
8.71E+04	-0.024050796	-0.024539713	-0.025378923	-0.026542943	-0.027863719
8.91E+04	-0.024611011	-0.025111316	-0.025970074	-0.027161208	-0.028512749
9.12E+04	-0.025184275	-0.025696234	-0.026574995	-0.027793874	-0.029176896
9.33E+04	-0.025770892	-0.026294776	-0.027194006	-0.028441276	-0.029856513
9.55E+04	-0.026371173	-0.02690726	-0.027827436	-0.029103759	-0.030551961
9.77E+04	-0.026985437	-0.027534011	-0.02847562	-0.029781672	-0.031263607
1.00E+05	-0.027614008	-0.02817536	-0.029138902	-0.030475376	-0.03199183
1.02E+05	-0.028257221	-0.028831649	-0.029817635	-0.031185239	-0.032737016
1.05E+05	-0.028915416	-0.029503224	-0.030512176	-0.031911636	-0.033499559
1.07E+05	-0.029588943	-0.030190443	-0.031222896	-0.032654954	-0.034279864
1.10E+05	-0.030278158	-0.030893668	-0.031950171	-0.033415586	-0.035078344
1.12E+05	-0.030983427	-0.031613274	-0.032694386	-0.034193934	-0.035895424
1.15E+05	-0.031705123	-0.032349642	-0.033455936	-0.034990413	-0.036731536
1.17E+05	-0.032443631	-0.033103162	-0.034235225	-0.035805445	-0.037587123
1.20E+05	-0.03319934	-0.033874233	-0.035032666	-0.036639461	-0.038462639
1.23E+05	-0.033972652	-0.034663266	-0.035848681	-0.037492903	-0.039358549
1.26E+05	-0.034763976	-0.035470677	-0.036683704	-0.038366225	-0.040275328
1.29E+05	-0.035573733	-0.036296895	-0.037538177	-0.039259889	-0.04121346
1.32E+05	-0.036402352	-0.037142358	-0.038412554	-0.04017437	-0.042173445
1.35E+05	-0.037250272	-0.038007515	-0.039307297	-0.041110151	-0.043155791
1.38E+05	-0.038117942	-0.038892824	-0.040222882	-0.042067729	-0.044161018
1.41E+05	-0.039005823	-0.039798754	-0.041159793	-0.043047612	-0.04518966
1.45E+05	-0.039914385	-0.040725786	-0.042118527	-0.04405032	-0.046242263
1.48E+05	-0.04084411	-0.041674411	-0.043099594	-0.045076384	-0.047319383
1.51E+05	-0.041795492	-0.042645133	-0.044103512	-0.046126347	-0.048421593
1.55E+05	-0.042769034	-0.043638465	-0.045130815	-0.047200768	-0.049549477
1.58E+05	-0.043765253	-0.044654936	-0.046182047	-0.048300215	-0.050703632
1.62E+05	-0.044784676	-0.045695083	-0.047257765	-0.049425271	-0.051884671
1.66E+05	-0.045827845	-0.046759458	-0.048358539	-0.050576534	-0.053093221
1.70E+05	-0.046895313	-0.047848625	-0.049484954	-0.051754612	-0.05432992
1.74E+05	-0.047987645	-0.048963163	-0.050637607	-0.052960132	-0.055595427
1.78E+05	-0.049105421	-0.050103661	-0.051817108	-0.054193732	-0.05689041
1.82E+05	-0.050249233	-0.051270725	-0.053024083	-0.055456066	-0.058215558
1.86E+05	-0.051419687	-0.052464974	-0.054259173	-0.056747803	-0.059571572
1.91E+05	-0.052617406	-0.05368704	-0.055523031	-0.058069629	-0.060959172
1.95E+05	-0.053843022	-0.054937572	-0.056816328	-0.059422244	-0.062379094
2.00E+05	-0.055097187	-0.056217232	-0.05813975	-0.060806366	-0.063832089
2.04E+05	-0.056380565	-0.057526699	-0.059493999	-0.062222728	-0.065318929
2.09E+05	-0.057693837	-0.058866668	-0.060879792	-0.063672081	-0.066840402
2.14E+05	-0.059037699	-0.060237848	-0.062297864	-0.065155194	-0.068397315
2.19E+05	-0.060412864	-0.061640968	-0.063748968	-0.066672853	-0.069990493
2.24E+05	-0.06182006	-0.06307677	-0.065233872	-0.068225863	-0.07162078
2.29E+05	-0.063260034	-0.064546017	-0.066753363	-0.069815047	-0.073289042
2.34E+05	-0.064733549	-0.066049486	-0.068308249	-0.071441248	-0.074996163
2.40E+05	-0.066241387	-0.067587976	-0.069899352	-0.073105328	-0.076743047
2.45E+05	-0.067784346	-0.069162302	-0.071527516	-0.07480817	-0.078530622
2.51E+05	-0.069363246	-0.070773299	-0.073193606	-0.076550676	-0.080359835
2.57E+05	-0.070978924	-0.07242182	-0.074898503	-0.078333769	-0.082231655
2.63E+05	-0.072632235	-0.074108741	-0.076643113	-0.080158397	-0.084147076
2.69E+05	-0.074324056	-0.075834954	-0.07842836	-0.082025525	-0.086107113
2.75E+05	-0.076055286	-0.077601377	-0.080255191	-0.083936144	-0.088112804
2.82E+05	-0.07782684	-0.079408945	-0.082124574	-0.085891268	-0.090165214
2.88E+05	-0.07963966	-0.081258616	-0.0840375	-0.087891932	-0.092265431
2.95E+05	-0.081494705	-0.083151372	-0.085994984	-0.089939197	-0.094414568
3.02E+05	-0.08339296	-0.085088215	-0.087998064	-0.092034149	-0.096613765
3.09E+05	-0.085335431	-0.087070174	-0.090047802	-0.094177899	-0.098864188
3.16E+05	-0.087323148	-0.089098298	-0.092145284	-0.096371583	-0.10116703
3.24E+05	-0.089357165	-0.091173663	-0.094291622	-0.098616365	-0.103523512
3.31E+05	-0.091438559	-0.09329737	-0.096487955	-0.100913434	-0.105934883
3.39E+05	-0.093568436	-0.095470544	-0.098735447	-0.103264009	-0.108402422
3.47E+05	-0.095747924	-0.097694338	-0.10103529	-0.105669335	-0.110927437
3.55E+05	-0.097978179	-0.09996993	-0.103388703	-0.108130689	-0.113511268
3.63E+05	-0.100260383	-0.102298528	-0.105796934	-0.110649375	-0.116155283
3.72E+05	-0.102595746	-0.104681365	-0.10826126	-0.113226728	-0.118860886
3.80E+05	-0.104985507	-0.107119706	-0.110782988	-0.115864116	-0.12162951
3.89E+05	-0.107430932	-0.109614843	-0.113363453	-0.118562936	-0.124462623
3.98E+05	-0.109933319	-0.1121681	-0.116004026	-0.12132462	-0.127361728
4.07E+05	-0.112493993	-0.114780829	-0.118706105	-0.124150631	-0.130328362
4.17E+05	-0.115114313	-0.117454416	-0.121471123	-0.127042469	-0.133364097
4.27E+05	-0.117795668	-0.120190279	-0.124300547	-0.130001666	-0.136470543
4.37E+05	-0.12053948	-0.122989868	-0.127195877	-0.133029791	-0.139649348
4.47E+05	-0.123347203	-0.125854668	-0.130158647	-0.13612845	-0.142902196
4.57E+05	-0.126220327	-0.128786198	-0.133190429	-0.139299286	-0.146230813
4.68E+05	-0.129160374	-0.131786011	-0.13629283	-0.142543981	-0.149636963
4.79E+05	-0.132168903	-0.134855699	-0.139467495	-0.145864253	-0.153122452
4.90E+05	-0.13524751	-0.137996889	-0.142716107	-0.149261865	-0.156689128
5.01E+05	-0.138397826	-0.141211247	-0.146040389	-0.152738616	-0.160338883
5.13E+05	-0.141621523	-0.144500476	-0.149442103	-0.156296352	-0.164073651
5.25E+05	-0.144920309	-0.147866321	-0.152923053	-0.159936957	-0.167895412
5.37E+05	-0.148295933	-0.151310567	-0.156485085	-0.163662363	-0.171806194
5.50E+05	-0.151750185	-0.154835039	-0.160130086	-0.167474544	-0.175808069
5.62E+05	-0.155284897	-0.158441606	-0.16385999	-0.171375522	-0.179903159
5.75E+05	-0.158901943	-0.162132181	-0.167676775	-0.175367366	-0.184093636
5.89E+05	-0.16260324	-0.16590872	-0.171582464	-0.17945219	-0.188381721
6.03E+05	-0.166390752	-0.169773225	-0.175579127	-0.183632162	-0.192769688
6.17E+05	-0.170266485	-0.173727746	-0.179668884	-0.187909498	-0.197259863
6.31E+05	-0.174232496	-0.177774379	-0.183853903	-0.192286465	-0.201854627
6.46E+05	-0.178290886	-0.18191527	-0.188136404	-0.196765384	-0.206556417
6.61E+05	-0.182443808	-0.186152615	-0.192518656	-0.20134863	-0.211367725
6.76E+05	-0.186693463	-0.190488659	-0.197002984	-0.206038633	-0.216291102
6.92E+05	-0.191042106	-0.194925702	-0.201591764	-0.21083788	-0.221329158
7.08E+05	-0.19549204	-0.199466097	-0.20628743	-0.215748914	-0.226484565
7.24E+05	-0.200045626	-0.20411225	-0.211092472	-0.220774341	-0.231760056
7.41E+05	-0.204705279	-0.208866626	-0.216009437	-0.225916824	-0.237158428
7.59E+05	-0.209473468	-0.213731744	-0.221040932	-0.23117909	-0.242682543
7.76E+05	-0.214352722	-0.218710185	-0.226189624	-0.236563929	-0.248335331
7.94E+05	-0.219345627	-0.223804588	-0.231458244	-0.242074196	-0.254119788
8.13E+05	-0.224454831	-0.229017654	-0.236849586	-0.247712813	-0.260038981
8.32E+05	-0.229683044	-0.234352147	-0.242366506	-0.253482768	-0.266096048
8.51E+05	-0.235033036	-0.239810896	-0.248011931	-0.259387122	-0.272294201
8.71E+05	-0.240507644	-0.245396794	-0.253788854	-0.265429005	-0.278636727
8.91E+05	-0.246109771	-0.251112803	-0.259700338	-0.27161162	-0.285126987
9.12E+05	-0.251842388	-0.256961954	-0.265749516	-0.277938245	-0.291768423
9.33E+05	-0.257708533	-0.262947348	-0.271939596	-0.284412234	-0.298564557
9.55E+05	-0.263711317	-0.269072158	-0.278273861	-0.291037021	-0.305518991
9.77E+05	-0.269853922	-0.275339632	-0.284755667	-0.297816116	-0.312635412
1.00E+06	-0.276139606	-0.281753093	-0.291388453	-0.304753115	-0.319917594
1.02E+06	-0.282571701	-0.28831594	-0.298175734	-0.311851696	-0.327369398
1.05E+06	-0.289153616	-0.295031655	-0.305121109	-0.319115621	-0.334994774
1.07E+06	-0.295888842	-0.301903796	-0.312228261	-0.326548743	-0.342797765
1.10E+06	-0.30278095	-0.308936008	-0.319500957	-0.334155001	-0.350782508
1.12E+06	-0.309833594	-0.31613202	-0.326943054	-0.341938429	-0.358953237
1.15E+06	-0.317050513	-0.323495645	-0.334558497	-0.349903154	-0.367314283
1.17E+06	-0.324435533	-0.331030789	-0.342351323	-0.358053398	-0.375870079
1.20E+06	-0.331992569	-0.338741446	-0.350325665	-0.366393482	-0.384625162
1.23E+06	-0.339725629	-0.346631705	-0.358485749	-0.374927827	-0.393584173
1.26E+06	-0.347638812	-0.354705748	-0.366835903	-0.38366096	-0.402751862
1.29E+06	-0.355736314	-0.362967856	-0.375380554	-0.392597508	-0.412133089
1.32E+06	-0.364022428	-0.371422411	-0.384124231	-0.401742212	-0.421732828
1.35E+06	-0.372501546	-0.380073893	-0.39307157	-0.411099918	-0.431556169
1.38E+06	-0.381178165	-0.38892689	-0.402227314	-0.420675587	-0.441608319
1.41E+06	-0.390056884	-0.397986096	-0.411596319	-0.430474297	-0.451894607
1.45E+06	-0.39914241	-0.407256312	-0.421183551	-0.440501243	-0.462420487
1.48E+06	-0.408439561	-0.416742455	-0.430994092	-0.45076174	-0.47319154
1.51E+06	-0.417953265	-0.426449553	-0.441033144	-0.461261227	-0.484213475
1.55E+06	-0.427688567	-0.436382753	-0.451306029	-0.472005272	-0.495492136
1.58E+06	-0.437650627	-0.446547321	-0.461818194	-0.48299957	-0.507033503
1.62E+06	-0.447844727	-0.456948645	-0.47257521	-0.49424995	-0.518843693
1.66E+06	-0.458276272	-0.46759224	-0.483582783	-0.505762375	-0.530928968
1.70E+06	-0.468950792	-0.478483748	-0.494846745	-0.51754295	-0.543295734
1.74E+06	-0.479873945	-0.489628945	-0.506373071	-0.52959792	-0.555950549
1.78E+06	-0.491051523	-0.501033737	-0.518167869	-0.541933674	-0.568900119
1.82E+06	-0.502489452	-0.512704172	-0.530237393	-0.554556754	-0.582151311
1.86E+06	-0.514193795	-0.524646436	-0.542588041	-0.56747385	-0.595711149
1.91E+06	-0.526170757	-0.536866861	-0.55522636	-0.58069181	-0.609586822
1.95E+06	-0.538426687	-0.549371924	-0.568159051	-0.594217641	-0.623785684
2.00E+06	-0.550968084	-0.562168255	-0.581392969	-0.608058514	-0.638315263
2.04E+06	-0.563801595	-0.575262638	-0.59493513	-0.622221766	-0.653183262
2.09E+06	-0.576934023	-0.588662014	-0.608792713	-0.636714904	-0.668397561
2.14E+06	-0.590372331	-0.602373487	-0.622973063	-0.651545612	-0.683966225
2.19E+06	-0.604123642	-0.616404325	-0.637483698	-0.66672175	-0.699897508
2.24E+06	-0.618195246	-0.630761965	-0.65233231	-0.682251365	-0.716199854
2.29E+06	-0.632594602	-0.645454019	-0.667526769	-0.698142686	-0.732881905
2.34E+06	-0.647329344	-0.660488275	-0.683075131	-0.714404139	-0.749952502
2.40E+06	-0.662407282	-0.675872702	-0.698985636	-0.731044343	-0.767420696
2.45E+06	-0.677836409	-0.691615456	-0.71526672	-0.748072117	-0.785295744
2.51E+06	-0.693624904	-0.707724881	-0.73192701	-0.765496489	-0.803587121
2.57E+06	-0.709781135	-0.724209516	-0.74897534	-0.783326692	-0.822304523
2.63E+06	-0.726313667	-0.7410781	-0.766420744	-0.801572179	-0.841457869
2.69E+06	-0.743231263	-0.758339573	-0.784272471	-0.820242619	-0.861057313
2.75E+06	-0.76054289	-0.776003085	-0.802539981	-0.839347909	-0.881113242
2.82E+06	-0.778257724	-0.794077998	-0.821232958	-0.858898174	-0.901636285
2.88E+06	-0.796385155	-0.812573893	-0.840361308	-0.878903776	-0.922637319
2.95E+06	-0.814934791	-0.831500573	-0.859935171	-0.899375318	-0.944127475
3.02E+06	-0.833916464	-0.850868069	-0.879964919	-0.920323649	-0.966118142
3.09E+06	-0.853340233	-0.870686647	-0.900461169	-0.941759872	-0.988620975
3.16E+06	-0.873216395	-0.890966809	-0.921434784	-0.963695346	-1.011647897
3.24E+06	-0.893555483	-0.911719304	-0.942896878	-0.986141696	-1.035211112
3.31E+06	-0.914368277	-0.932955131	-0.964858825	-1.009110818	-1.059323108
3.39E+06	-0.935665806	-0.954685543	-0.987332265	-1.032614883	-1.08399666
3.47E+06	-0.957459359	-0.976922057	-1.010329106	-1.056666346	-1.109244843
3.55E+06	-0.979760484	-0.999676456	-1.033861535	-1.081277952	-1.135081036
3.63E+06	-1.002580999	-1.022960799	-1.057942021	-1.106462741	-1.161518929
3.72E+06	-1.025932999	-1.046787425	-1.082583326	-1.132234059	-1.188572529
3.80E+06	-1.049828857	-1.071168959	-1.107798505	-1.15860556	-1.21625617
3.89E+06	-1.074281235	-1.09611832	-1.133600919	-1.185591216	-1.24458452
3.98E+06	-1.099303092	-1.121648729	-1.160004239	-1.213205325	-1.273572585
4.07E+06	-1.124907684	-1.147773712	-1.187022454	-1.241462517	-1.303235725
4.17E+06	-1.15110858	-1.174507112	-1.214669879	-1.27037776	-1.333589652
4.27E+06	-1.17791966	-1.201863093	-1.242961161	-1.299966374	-1.364650446
4.37E+06	-1.20535513	-1.229856147	-1.271911287	-1.330244031	-1.39643456
4.47E+06	-1.233429525	-1.258501105	-1.301535594	-1.361226771	-1.42895883
4.57E+06	-1.262157719	-1.287813141	-1.331849775	-1.392931004	-1.462240482
4.68E+06	-1.29155493	-1.317807784	-1.362869886	-1.425373522	-1.496297143
4.79E+06	-1.321636732	-1.348500922	-1.394612359	-1.458571507	-1.53114685
4.90E+06	-1.352419059	-1.379908812	-1.427094005	-1.492542543	-1.566808059
5.01E+06	-1.383918216	-1.412048091	-1.460332028	-1.527304618	-1.603299654
5.13E+06	-1.416150888	-1.44493578	-1.49434403	-1.562876141	-1.640640957
5.25E+06	-1.449134146	-1.478589298	-1.529148024	-1.599275947	-1.67885174
5.37E+06	-1.482885458	-1.513026467	-1.564762438	-1.636523309	-1.717952235
5.50E+06	-1.5174227	-1.548265523	-1.601206131	-1.674637947	-1.75796314
5.62E+06	-1.55276416	-1.584325127	-1.638498399	-1.71364004	-1.798905636
5.75E+06	-1.588928552	-1.62122437	-1.676658986	-1.753550235	-1.840801397
5.89E+06	-1.625935026	-1.658982791	-1.715708093	-1.794389656	-1.883672596
6.03E+06	-1.663803175	-1.697620379	-1.755666393	-1.836179919	-1.927541924
6.17E+06	-1.702553048	-1.737157589	-1.796555034	-1.878943142	-1.972432597
6.31E+06	-1.742205158	-1.777615349	-1.83839566	-1.922701955	-2.018368368
6.46E+06	-1.782780494	-1.819015073	-1.881210413	-1.967479513	-2.065373542
6.61E+06	-1.824300534	-1.861378674	-1.92502195	-2.013299508	-2.113472988
6.76E+06	-1.866787253	-1.904728571	-1.969853454	-2.060186181	-2.16269215
6.92E+06	-1.910263136	-1.949087703	-2.015728645	-2.108164334	-2.213057063
7.08E+06	-1.95475119	-1.994479541	-2.062671792	-2.157259345	-2.264594363
7.24E+06	-2.000274953	-2.040928102	-2.110707728	-2.207497179	-2.317331304
7.41E+06	-2.046858511	-2.088457956	-2.159861859	-2.258904402	-2.371295772
7.59E+06	-2.094526509	-2.137094247	-2.210160181	-2.311508196	-2.426516297
7.76E+06	-2.14330416	-2.186862697	-2.261629292	-2.365336371	-2.483022068
7.94E+06	-2.193217265	-2.237789625	-2.314296405	-2.420417381	-2.540842951
8.13E+06	-2.244292218	-2.289901962	-2.368189363	-2.476780339	-2.600009503
8.32E+06	-2.296556027	-2.343227259	-2.423336654	-2.534455028	-2.660552986
8.51E+06	-2.350036325	-2.397793705	-2.479767424	-2.593471922	-2.722505383
8.71E+06	-2.404761384	-2.453630143	-2.537511491	-2.6538622	-2.785899419
8.91E+06	-2.460760129	-2.510766082	-2.596599366	-2.715657758	-2.850768572
9.12E+06	-2.518062157	-2.569231711	-2.657062261	-2.77889123	-2.917147093
9.33E+06	-2.576697744	-2.62905792	-2.718932113	-2.843596004	-2.985070024
9.55E+06	-2.636697871	-2.69027631	-2.782241591	-2.909806235	-3.054573214
9.77E+06	-2.698094231	-2.752919213	-2.847024122	-2.97755687	-3.125693339
1.00E+07	-2.76091925	-2.817019707	-2.913313902	-3.046883656	-3.198467918
1.02E+07	-2.825206103	-2.882611632	-2.981145916	-3.117823169	-3.272935336
1.05E+07	-2.890988729	-2.949729611	-3.050555955	-3.190412821	-3.349134859
1.07E+07	-2.958301852	-3.018409062	-3.121580634	-3.26469089	-3.427106658
1.10E+07	-3.027180994	-3.08868622	-3.19425741	-3.340696531	-3.506891826
1.12E+07	-3.097662495	-3.160598155	-3.268624604	-3.4184698	-3.588532399
1.15E+07	-3.169783534	-3.234182789	-3.344721415	-3.498051672	-3.672071379
1.17E+07	-3.243582145	-3.309478917	-3.422587944	-3.579484063	-3.757552755
1.20E+07	-3.319097236	-3.386526226	-3.502265214	-3.66280985	-3.845021521
1.23E+07	-3.396368608	-3.465365313	-3.583795187	-3.748072892	-3.934523704
1.26E+07	-3.47543698	-3.546037708	-3.667220789	-3.835318053	-4.026106383
1.29E+07	-3.556344003	-3.628585894	-3.752585928	-3.924591224	-4.119817715
1.32E+07	-3.639132283	-3.713053327	-3.839935519	-4.015939344	-4.215706955
1.35E+07	-3.723845406	-3.799484459	-3.929315501	-4.109410423	-4.313824481
1.38E+07	-3.810527952	-3.887924759	-4.020772867	-4.205053568	-4.414221823
1.41E+07	-3.899225525	-3.978420736	-4.11435568	-4.302919007	-4.516951683
1.45E+07	-3.989984771	-4.071019962	-4.210113101	-4.403058107	-4.62206796
1.48E+07	-4.082853399	-4.165771093	-4.308095411	-4.505523408	-4.729625779
1.51E+07	-4.177880211	-4.262723896	-4.408354036	-4.610368642	-4.839681519
1.55E+07	-4.27511512	-4.361929273	-4.51094157	-4.71764876	-4.952292833
1.58E+07	-4.374609177	-4.463439281	-4.615911804	-4.827419958	-5.06751868
1.62E+07	-4.476414594	-4.567307165	-4.723319746	-4.939739706	-5.185419355
1.66E+07	-4.58058477	-4.673587374	-4.833221655	-5.054666771	-5.30605651
1.70E+07	-4.687174318	-4.782335595	-4.945675058	-5.172261249	-5.42949319
1.74E+07	-4.796239087	-4.893608776	-5.060738787	-5.292584587	-5.555793858
1.78E+07	-4.907836193	-5.007465151	-5.178472997	-5.415699618	-5.685024424
1.82E+07	-5.022024044	-5.123964271	-5.2989392	-5.541670585	-5.817252278
1.86E+07	-5.138862366	-5.24316703	-5.422200293	-5.670563171	-5.952546319
1.91E+07	-5.258412233	-5.365135692	-5.548320584	-5.802444531	-6.090976985
1.95E+07	-5.380736095	-5.489933923	-5.677365823	-5.937383318	-6.232616285
2.00E+07	-5.505897805	-5.617626814	-5.80940323	-6.075449719	-6.37753783
2.04E+07	-5.63396265	-5.748280919	-5.944501527	-6.216715481	-6.525816868
2.09E+07	-5.764997378	-5.881964276	-6.082730969	-6.361253942	-6.677530312
2.14E+07	-5.899070232	-6.018746443	-6.224163371	-6.509140067	-6.832756776
2.19E+07	-6.036250977	-6.158698527	-6.368872142	-6.660450477	-6.991576605
2.24E+07	-6.176610932	-6.301893216	-6.516932317	-6.81526348	-7.154071914
2.29E+07	-6.320223001	-6.448404808	-6.668420587	-6.973659107	-7.320326614
2.34E+07	-6.467161704	-6.598309244	-6.823415332	-7.135719141	-7.490426455
2.40E+07	-6.617503211	-6.751684142	-6.981996654	-7.301527153	-7.664459052
2.45E+07	-6.771325371	-6.908608827	-7.144246409	-7.471168535	-7.842513925
2.51E+07	-6.928707747	-7.069164364	-7.31024824	-7.644730532	-8.024682531
2.57E+07	-7.089731648	-7.233433592	-7.48008761	-7.822302277	-8.211058298
2.63E+07	-7.254480162	-7.401501156	-7.653851839	-8.003974824	-8.401736666
2.69E+07	-7.423038191	-7.573453544	-7.83163013	-8.189841184	-8.596815112
2.75E+07	-7.595492482	-7.749379114	-8.013513611	-8.379996354	-8.796393194
2.82E+07	-7.77193166	-7.929368133	-8.199595363	-8.574537359	-9.000572582
2.88E+07	-7.952446268	-8.113512812	-8.389970456	-8.773563277	-9.209457091
2.95E+07	-8.137128793	-8.301907333	-8.584735984	-8.97717528	-9.423152719
3.02E+07	-8.326073707	-8.494647891	-8.783991095	-9.185476661	-9.641767681
3.09E+07	-8.519377497	-8.691832723	-8.987837029	-9.398572876	-9.865412441
3.16E+07	-8.717138698	-8.893562141	-9.196377149	-9.616571567	-10.09419975
3.24E+07	-8.919457932	-9.099938572	-9.409716973	-9.839582602	-10.32824466
3.31E+07	-9.126437939	-9.311066584	-9.62796421	-10.06771811	-10.56766461
3.39E+07	-9.338183607	-9.527052923	-9.851228789	-10.30109249	-10.81257937
3.47E+07	-9.554802012	-9.748006545	-10.07962289	-10.53982248	-11.06311117
3.55E+07	-9.776402447	-9.974038649	-10.31326099	-10.78402716	-11.31938465
3.63E+07	-10.00309645	-10.20526271	-10.55225986	-11.03382797	-11.58152694
3.72E+07	-10.23499786	-10.4417945	-10.79673864	-11.28934879	-11.84966766
3.80E+07	-10.4722228	-10.68375213	-11.04681882	-11.5507159	-12.12393897
3.89E+07	-10.71488976	-10.93125609	-11.30262431	-11.81805805	-12.40447556
3.98E+07	-10.96311959	-11.18442924	-11.56428143	-12.09150648	-12.69141472
4.07E+07	-11.21703555	-11.44339688	-11.83191897	-12.37119494	-12.98489632
4.17E+07	-11.47676333	-11.70828675	-12.10566819	-12.65725967	-13.28506286
4.27E+07	-11.74243107	-11.97922905	-12.38566285	-12.9498395	-13.59205947
4.37E+07	-12.01416939	-12.25635649	-12.67203923	-13.24907579	-13.90603393
4.47E+07	-12.29211143	-12.5398043	-12.96493613	-13.5551125	-14.22713668
4.57E+07	-12.57639283	-12.82971023	-13.26449493	-13.86809615	-14.55552085
4.68E+07	-12.8671518	-13.1262146	-13.57085956	-14.18817589	-14.89134222
4.79E+07	-13.16452909	-13.42946027	-13.88417654	-14.51550345	-15.23475929
4.90E+07	-13.46866806	-13.73959271	-14.20459494	-14.85023317	-15.58593321
5.01E+07	-13.77971462	-14.05675997	-14.53226648	-15.19252199	-15.94502784
5.13E+07	-14.09781731	-14.3811127	-14.86734541	-15.54252946	-16.31220968
5.25E+07	-14.42312728	-14.71280414	-15.20998861	-15.90041772	-16.68764792
5.37E+07	-14.75579826	-15.05199014	-15.56035554	-16.26635148	-17.07151437
5.50E+07	-15.09598663	-15.39882914	-15.9186082	-16.640498	-17.46398346
5.62E+07	-15.44385134	-15.75348218	-16.2849112	-17.0230271	-17.86523222
5.75E+07	-15.79955398	-16.11611287	-16.65943163	-17.41411108	-18.27544022
5.89E+07	-16.1632587	-16.48688737	-17.04233913	-17.81392473	-18.69478956
6.03E+07	-16.53513222	-16.86597439	-17.43380582	-18.22264526	-19.1234648
6.17E+07	-16.91534381	-17.25354515	-17.83400624	-18.64045225	-19.56165291
6.31E+07	-17.30406528	-17.64977332	-18.24311736	-19.06752763	-20.00954321
6.46E+07	-17.70147089	-18.05483503	-18.66131846	-19.50405557	-20.46732729
6.61E+07	-18.10773737	-18.46890879	-19.08879116	-19.95022244	-20.93519897
6.76E+07	-18.52304386	-18.89217544	-19.52571926	-20.40621671	-21.41335414
6.92E+07	-18.9475718	-19.32481809	-19.97228874	-20.87222889	-21.90199074
7.08E+07	-19.38150495	-19.76702207	-20.42868763	-21.34845141	-22.40130858
7.24E+07	-19.82502927	-20.21897479	-20.89510595	-21.8350785	-22.9115093
7.41E+07	-20.27833285	-20.68086575	-21.37173558	-22.3323061	-23.43279615
7.59E+07	-20.74160584	-21.15288634	-21.85877017	-22.84033171	-23.96537393
7.76E+07	-21.2150403	-21.6352298	-22.35640499	-23.35935424	-24.50944879
7.94E+07	-21.69883016	-22.12809109	-22.86483684	-23.8895739	-25.06522807
8.13E+07	-22.19317107	-22.63166674	-23.38426385	-24.43119197	-25.63292014
8.32E+07	-22.69826025	-23.14615471	-23.91488537	-24.98441067	-26.21273419
8.51E+07	-23.21429639	-23.67175427	-24.45690173	-25.54943294	-26.80488002
8.71E+07	-23.74147943	-24.20866578	-25.01051414	-26.12646225	-27.40956784
8.91E+07	-24.28001049	-24.75709058	-25.57592442	-26.71570234	-28.02700799
9.12E+07	-24.83009158	-25.3172307	-26.15333483	-27.31735704	-28.65741076
9.33E+07	-25.39192548	-25.88928875	-26.7429478	-27.93162997	-29.30098603
9.55E+07	-25.9657155	-26.47346761	-27.3449657	-28.55872426	-29.95794307
9.77E+07	-26.55166525	-27.06997027	-27.95959061	-29.19884233	-30.6284902
1.00E+08	-27.14997842	-27.67899949	-28.58702398	-29.85218551	-31.31283446
1.02E+08	-27.76085847	-28.30075758	-29.22746637	-30.51895377	-32.01118131
1.05E+08	-28.38450842	-28.93544611	-29.88111715	-31.19934537	-32.72373426
1.07E+08	-29.02113052	-29.58326557	-30.54817413	-31.89355648	-33.45069449
1.10E+08	-29.6709259	-30.24441506	-31.22883323	-32.60178085	-34.19226052
1.12E+08	-30.33409434	-30.91909194	-31.92328814	-33.32420938	-34.94862774
1.15E+08	-31.01083381	-31.60749149	-32.63172987	-34.06102977	-35.71998803
1.17E+08	-31.70134018	-32.30980648	-33.3543464	-34.81242603	-36.50652934
1.20E+08	-32.40580679	-33.02622681	-34.09132226	-35.57857808	-37.30843523
1.23E+08	-33.12442406	-33.75693907	-34.84283805	-36.35966129	-38.12588438
1.26E+08	-33.85737906	-34.50212611	-35.60907002	-37.15584601	-38.95905019
1.29E+08	-34.60485507	-35.26196658	-36.39018957	-37.96729707	-39.80810021
1.32E+08	-35.36703111	-36.03663443	-37.1863628	-38.79417331	-40.67319569
1.35E+08	-36.14408144	-36.82629847	-37.99774995	-39.63662704	-41.55449109
1.38E+08	-36.93617511	-37.63112181	-38.82450494	-40.49480354	-42.4521335
1.41E+08	-37.74347536	-38.45126135	-39.66677479	-41.36884052	-43.36626218
1.45E+08	-38.56613918	-39.28686727	-40.5246991	-42.2588676	-44.29700801
1.48E+08	-39.40431668	-40.1380824	-41.39840948	-43.16500571	-45.24449297
1.51E+08	-40.25815056	-41.00504174	-42.28802901	-44.08736662	-46.20882959
1.55E+08	-41.12777553	-41.88787182	-43.19367164	-45.02605233	-47.19012045
1.58E+08	-42.01331769	-42.78669013	-44.11544165	-45.98115454	-48.18845766
1.62E+08	-42.91489399	-43.70160453	-45.05343301	-46.95275412	-49.20392231
1.66E+08	-43.83261154	-44.63271266	-46.00772888	-47.94092055	-50.236584
1.70E+08	-44.76656707	-45.58010128	-46.97840097	-48.94571138	-51.28650035
1.74E+08	-45.71684624	-46.54384574	-47.96550899	-49.96717173	-52.35371651
1.78E+08	-46.68352309	-47.52400934	-48.96910012	-51.0053338	-53.43826471
1.82E+08	-47.66665937	-48.52064273	-49.98920837	-52.06021632	-54.54016385
1.86E+08	-48.66630392	-49.53378333	-51.02585416	-53.13182418	-55.65941905
1.91E+08	-49.68249213	-50.56345474	-52.0790437	-54.22014789	-56.79602133
1.95E+08	-50.71524525	-51.60966622	-53.14876853	-55.32516324	-57.94994723
2.00E+08	-51.76456989	-52.67241208	-54.23500507	-56.4468309	-59.12115848
2.04E+08	-52.83045741	-53.75167123	-55.33771412	-57.58509605	-60.30960181
2.09E+08	-53.9128834	-54.84740664	-56.45684052	-58.73988811	-61.51520863
2.14E+08	-55.01180716	-55.95956487	-57.59231268	-59.91112043	-62.73789491
2.19E+08	-56.12717122	-57.08807569	-58.74404234	-61.09869013	-63.977561
2.24E+08	-57.25890087	-58.23285162	-59.91192419	-62.30247785	-65.23409157
2.29E+08	-58.40690378	-59.39378765	-61.09583569	-63.5223477	-66.50735556
2.34E+08	-59.57106961	-60.57076087	-62.29563682	-64.75814711	-67.79720618
2.40E+08	-60.75126968	-61.76363024	-63.51116995	-66.00970687	-69.103481
2.45E+08	-61.94735671	-62.97223642	-64.74225975	-67.27684115	-70.42600206
2.51E+08	-63.15916462	-64.19640154	-65.98871316	-68.55934757	-71.76457601
2.57E+08	-64.38650831	-65.43592919	-67.25031939	-69.85700739	-73.11899441
2.63E+08	-65.62918362	-66.69060435	-68.52685003	-71.16958567	-74.48903396
2.69E+08	-66.88696725	-67.96019342	-69.81805919	-72.49683159	-75.87445686
2.75E+08	-68.15961681	-69.24444437	-71.1236837	-73.83847875	-77.27501119
2.82E+08	-69.4468709	-70.54308684	-72.44344342	-75.19424556	-78.69043138
2.88E+08	-70.74844931	-71.85583242	-73.77704154	-76.56383567	-80.12043867
2.95E+08	-72.06405321	-73.18237497	-75.124165	-77.94693853	-81.56474169
3.02E+08	-73.39336552	-74.52239097	-76.48448499	-79.34322986	-83.02303703
3.09E+08	-74.73605126	-75.87553997	-77.85765744	-80.75237231	-84.49500986
3.16E+08	-76.09175802	-77.24146514	-79.24332365	-82.17401615	-85.98033465
3.24E+08	-77.46011652	-78.61979384	-80.64111093	-83.60779989	-87.47867585
3.31E+08	-78.84074118	-80.01013827	-82.05063333	-85.05335113	-88.98968865
3.39E+08	-80.23323086	-81.41209621	-83.47149239	-86.51028729	-90.51301975
3.47E+08	-81.63716953	-82.8252518	-84.90327799	-87.9782165	-92.04830821
3.55E+08	-83.05212721	-84.2491764	-86.3455692	-89.45673844	-93.59518624
3.63E+08	-84.47766074	-85.68342949	-87.79793524	-90.94544526	-95.1532801
3.72E+08	-85.91331481	-87.12755964	-89.2599364	-92.44392252	-96.72221096
3.80E+08	-87.35862293	-88.5811055	-90.73112507	-93.95175017	-98.30159582
3.89E+08	-88.81310853	-90.04359692	-92.21104681	-95.46850352	-99.8910484
3.98E+08	-90.27628603	-91.51455599	-93.69924136	-96.99375428	-101.4901801
4.07E+08	-91.74766203	-92.99349824	-95.19524379	-98.52707155	-103.0986008
4.17E+08	-93.22673653	-94.47993379	-96.69858563	-100.0680229	-104.71592
4.27E+08	-94.71300411	-95.97336853	-98.20879596	-101.6161753	-106.3417477
4.37E+08	-96.20595525	-97.47330542	-99.72540263	-103.1710965	-107.9756951
4.47E+08	-97.70507761	-98.97924568	-101.2479334	-104.7323557	-109.6173759
4.57E+08	-99.20985732	-100.4906901	-102.7759171	-106.2995247	-111.266407
4.68E+08	-100.7197803	-102.0071402	-104.3088849	-107.8721792	-112.9224094
4.79E+08	-102.2343336	-103.5280996	-105.8463712	-109.4498996	-114.5850092
4.90E+08	-103.7530068	-105.0530753	-107.3879153	-111.0322721	-116.2538385
5.01E+08	-105.2752931	-106.5815789	-108.9330619	-112.6188897	-117.9285361
5.13E+08	-106.800691	-108.1131278	-110.4813628	-114.2093533	-119.6087486
5.25E+08	-108.328705	-109.6472465	-112.0323778	-115.8032726	-121.2941309
5.37E+08	-109.8588476	-111.1834675	-113.5856756	-117.4002669	-122.9843473
5.50E+08	-111.39064	-112.721333	-115.1408351	-118.9999663	-124.679072
5.62E+08	-112.9236134	-114.2603956	-116.6974464	-120.6020125	-126.3779902
5.75E+08	-114.4573101	-115.8002195	-118.2551115	-122.2060595	-128.0807982
5.89E+08	-115.991285	-117.3403814	-119.8134457	-123.8117747	-129.7872046
6.03E+08	-117.5251059	-118.8804718	-121.372078	-125.4188393	-131.4969305
6.17E+08	-119.0583552	-120.4200955	-122.9306521	-127.0269493	-133.2097103
6.31E+08	-120.5906305	-121.9588728	-124.4888274	-128.6358161	-134.9252921
6.46E+08	-122.1215453	-123.4964402	-126.0462794	-130.2451671	-136.6434381
6.61E+08	-123.6507301	-125.0324512	-127.6027006	-131.8547461	-138.3639249
6.76E+08	-125.1778331	-126.5665764	-129.1578007	-133.4643141	-140.0865441
6.92E+08	-126.7025203	-128.0985052	-130.7113077	-135.0736494	-141.8111021
7.08E+08	-128.2244768	-129.627945	-132.2629678	-136.6825484	-143.5374207
7.24E+08	-129.7434068	-131.1546228	-133.812546	-138.2908253	-145.265337
7.41E+08	-131.2590341	-132.6782846	-135.3598264	-139.8983128	-146.9947033
7.59E+08	-132.7711022	-134.1986964	-136.9046126	-141.5048621	-148.7253873
7.76E+08	-134.2793751	-135.7156439	-138.4467274	-143.110343	-150.4572718
7.94E+08	-135.7836367	-137.2289328	-139.9860134	-144.7146439	-152.1902547
8.13E+08	-137.2836913	-138.7383889	-141.5223325	-146.3176716	-153.9242484
8.32E+08	-138.7793635	-140.2438579	-143.0555662	-147.9193514	-155.6591797
8.51E+08	-140.2704979	-141.7452054	-144.5856154	-149.5196267	-157.3949892
8.71E+08	-141.7569593	-143.2423164	-146.1123998	-151.1184589	-159.131631
8.91E+08	-143.2386318	-144.7350955	-147.6358582	-152.7158267	-160.8690719
9.12E+08	-144.715419	-146.223466	-149.1559477	-154.3117262	-162.6072907
9.33E+08	-146.1872434	-147.7073702	-150.6726434	-155.9061698	-164.3462777
9.55E+08	-147.6540459	-149.186768	-152.1859379	-157.4991862	-166.0860338
9.77E+08	-149.1157852	-150.6616371	-153.6958408	-159.0908193	-167.8265695
1.00E+09	-150.5724371	-152.131972	-155.202378	-160.6811278	-169.5679039
1.02E+09	-152.0239944	-153.5977834	-156.7055911	-162.2701845	-171.3100642
1.05E+09	-153.4704651	-155.0590978	-158.2055365	-163.8580751	-173.053084
1.07E+09	-154.9118728	-156.515956	-159.702285	-165.4448979	-174.7970027
1.10E+09	-156.348255	-157.9684132	-161.1959207	-167.0307624	-176.5418641
1.12E+09	-157.7796627	-159.4165373	-162.6865402	-168.6157888	-178.2877151
1.15E+09	-159.2061593	-160.8604086	-164.1742516	-170.2001064	-180.0346049
1.17E+09	-160.62782	-162.3001188	-165.6591739	-171.7838534	-181.7825833
1.20E+09	-162.0447303	-163.7357698	-167.1414357	-173.367175	-183.5316998
1.23E+09	-163.4569854	-165.1674729	-168.6211746	-174.9502229	-185.2820018
1.26E+09	-164.8646892	-166.5953478	-170.0985357	-176.5331537	-187.033534
1.29E+09	-166.2679533	-168.0195217	-171.5736712	-178.1161284	-188.7863363
1.32E+09	-167.6668958	-169.440128	-173.0467387	-179.6993104	-190.5404431
1.35E+09	-169.0616404	-170.8573058	-174.517901	-181.282865	-192.2958818
1.38E+09	-170.4523154	-172.2711982	-175.9873241	-182.8669578	-194.0526712
1.41E+09	-171.8390527	-173.6819521	-177.455177	-184.4517539	-195.8108208
1.45E+09	-173.2219868	-175.0897166	-178.9216302	-186.0374161	-197.5703291
1.48E+09	-174.6012536	-176.4946419	-180.386855	-187.6241042	-199.3311825
1.51E+09	-175.9769898	-177.8968791	-181.8510219	-189.2119737	-201.0933543
1.55E+09	-177.3493317	-179.2965785	-183.3143005	-190.8011743	-202.8568034
1.58E+09	-178.7184142	-180.693889	-184.7768576	-192.3918492	-204.6214732
1.62E+09	-180.0843702	-182.088957	-186.2388569	-193.9841333	-206.387291
1.66E+09	-181.4473294	-183.4819259	-187.7004579	-195.5781527	-208.1541665
1.70E+09	-182.8074177	-184.872935	-189.1618148	-197.1740233	-209.9219914
1.74E+09	-184.1647565	-186.2621185	-190.6230757	-198.7718496	-211.6906385
1.78E+09	-185.5194615	-187.6496053	-192.0843821	-200.3717238	-213.4599608
1.82E+09	-186.8716424	-189.0355178	-193.5458677	-201.9737246	-215.2297915
1.86E+09	-188.2214024	-190.4199713	-195.0076577	-203.5779164	-216.9999428
1.91E+09	-189.5688371	-191.8030738	-196.4698684	-205.1843485	-218.7702063
1.95E+09	-190.9140342	-193.184925	-197.9326063	-206.7930537	-220.540352
2.00E+09	-192.2570734	-194.5656158	-199.3959674	-208.4040481	-222.3101287
2.04E+09	-193.5980253	-195.9452285	-200.8600369	-210.0173298	-224.079264
2.09E+09	-194.9369517	-197.3238353	-202.3248886	-211.6328787	-225.8474639
2.14E+09	-196.2739047	-198.7014993	-203.7905844	-213.2506553	-227.6144135
2.19E+09	-197.6089272	-200.0782731	-205.257174	-214.8706008	-229.3797774
2.24E+09	-198.9420521	-201.4541993	-206.7246945	-216.492636	-231.1431996
2.29E+09	-200.2733027	-202.8293103	-208.1931703	-218.1166613	-232.9043049
2.34E+09	-201.6026923	-204.203628	-209.6626127	-219.7425562	-234.6626989
2.40E+09	-202.9302248	-205.5771641	-211.1330198	-221.3701792	-236.4179694
2.45E+09	-204.2558942	-206.9499199	-212.6043767	-222.9993675	-238.169687
2.51E+09	-205.5796853	-208.3218868	-214.0766549	-224.6299368	-239.9174063
2.57E+09	-206.9015738	-209.6930463	-215.549813	-226.261682	-241.6606671
2.63E+09	-208.2215265	-211.0633703	-217.0237963	-227.8943765	-243.3989956
2.69E+09	-209.5395021	-212.4328213	-218.4985371	-229.5277728	-245.1319057
2.75E+09	-210.8554512	-213.8013531	-219.973955	-231.161603	-246.8589005
2.82E+09	-212.1693171	-215.168911	-221.4499572	-232.7955788	-248.5794739
2.88E+09	-213.4810361	-216.5354323	-222.9264383	-234.4293923	-250.2931121
2.95E+09	-214.7905385	-217.9008468	-224.4032814	-236.0627163	-251.999295
3.02E+09	-216.0977488	-219.2650777	-225.8803576	-237.6952054	-253.6974981
3.09E+09	-217.4025868	-220.6280415	-227.3575271	-239.3264963	-255.3871943
3.16E+09	-218.7049679	-221.9896493	-228.8346393	-240.9562088	-257.0678551
3.24E+09	-220.0048041	-223.3498069	-230.3115332	-242.583947	-258.7389527
3.31E+09	-221.3020047	-224.7084159	-231.7880382	-244.2092998	-260.3999617
3.39E+09	-222.5964769	-226.0653737	-233.263974	-245.8318422	-262.0503607
3.47E+09	-223.8881266	-227.4205749	-234.7391516	-247.4511367	-263.6896336
3.55E+09	-225.1768593	-228.7739115	-236.2133734	-249.0667339	-265.3172719
3.63E+09	-226.4625807	-230.1252732	-237.686434	-250.6781741	-266.9327757
3.72E+09	-227.7451973	-231.4745488	-239.1581204	-252.2849887	-268.5356554
3.80E+09	-229.0246171	-232.8216259	-240.6282126	-253.8867011	-270.125433
3.89E+09	-230.3007507	-234.1663921	-242.0964841	-255.4828285	-271.7016436
3.98E+09	-231.5735111	-235.5087351	-243.562702	-257.0728829	-273.2638368
4.07E+09	-232.842815	-236.848543	-245.0266279	-258.6563727	-274.8115774
4.17E+09	-234.1085829	-238.1857053	-246.488018	-260.2328042	-276.344447
4.27E+09	-235.3707396	-239.5201126	-247.9466235	-261.8016828	-277.8620446
4.37E+09	-236.629215	-240.8516573	-249.4021908	-263.3625144	-279.3639879
4.47E+09	-237.8839438	-242.1802335	-250.8544624	-264.9148071	-280.8499135
4.57E+09	-239.1348663	-243.5057374	-252.3031765	-266.4580721	-282.3194783
4.68E+09	-240.3819285	-244.8280674	-253.7480676	-267.9918256	-283.7723593
4.79E+09	-241.625082	-246.1471241	-255.1888669	-269.5155896	-285.2082548
4.90E+09	-242.8642845	-247.4628103	-256.6253024	-271.0288938	-286.6268841
5.01E+09	-244.0994997	-248.7750307	-258.0570992	-272.531276	-288.0279884
5.13E+09	-245.3306968	-250.0836922	-259.4839797	-274.0222841	-289.4113304
5.25E+09	-246.5578512	-251.3887036	-260.9056638	-275.5014769	-290.7766947
5.37E+09	-247.7809438	-252.6899749	-262.3218692	-276.968425	-292.1238878
5.50E+09	-248.9999606	-253.9874179	-263.7323117	-278.4227122	-293.4527376
5.62E+09	-250.2148931	-255.2809449	-265.1367052	-279.8639362	-294.763094
5.75E+09	-251.4257372	-256.5704692	-266.5347622	-281.2917095	-296.0548277
5.89E+09	-252.6324932	-257.855904	-267.9261937	-282.7056602	-297.3278304
6.03E+09	-253.8351656	-259.1371626	-269.31071	-284.1054327	-298.5820146
6.17E+09	-255.0337617	-260.4141574	-270.6880205	-285.4906886	-299.8173125
6.31E+09	-256.2282922	-261.6867999	-272.0578342	-286.8611068	-301.033676
6.46E+09	-257.4187697	-262.9549998	-273.41986	-288.2163845	-302.2310762
6.61E+09	-258.6052085	-264.218665	-274.7738069	-289.5562371	-303.4095024
6.76E+09	-259.7876242	-265.4777007	-276.1193849	-290.880399	-304.5689616
6.92E+09	-260.9660323	-266.732009	-277.4563047	-292.1886234	-305.7094781
7.08E+09	-262.1404485	-267.9814888	-278.7842784	-293.480683	-306.8310927
7.24E+09	-263.310887	-269.2260348	-280.1030203	-294.7563694	-307.9338617
7.41E+09	-264.4773606	-270.4655377	-281.4122468	-296.0154939	-309.0178566
7.59E+09	-265.6398797	-271.6998832	-282.7116771	-297.2578867	-310.0831631
7.76E+09	-266.7984515	-272.9289521	-284.001034	-298.4833975	-311.1298805
7.94E+09	-267.9530794	-274.15262	-285.2800441	-299.6918947	-312.1581209
8.13E+09	-269.1037625	-275.3707567	-286.5484384	-300.8832655	-313.1680085
8.32E+09	-270.2504949	-276.5832264	-287.8059527	-302.0574157	-314.1596788
8.51E+09	-271.3932646	-277.7898872	-289.0523287	-303.2142691	-315.1332781
8.71E+09	-272.5320538	-278.9905912	-290.287314	-304.3537671	-316.0889623
8.91E+09	-273.6668375	-280.1851845	-291.5106629	-305.4758685	-317.0268969
9.12E+09	-274.7975836	-281.3735071	-292.7221369	-306.5805489	-317.9472556
9.33E+09	-275.9242519	-282.5553931	-293.9215053	-307.6678002	-318.8502202
9.55E+09	-277.0467943	-283.7306707	-295.1085456	-308.7376301	-319.7359796
9.77E+09	-278.1651537	-284.8991626	-296.2830443	-309.7900614	-320.6047294
1.00E+10	-279.2792644	-286.0606863	-297.444797	-310.8251317	-321.4566709
